N72K64 Dutta
-----------------------------------
Found @ iteration: 62 ; game = 1 
After 1254.293 seconds
# Bad Cycles: 1260
# Set Bits:   232
# Max Row Weight: 34
col 1 : (0 1 0 0 0 1 0 1 )
col 2 : (0 1 1 0 0 0 1 0 )
col 3 : (1 0 1 1 0 0 0 0 )
col 4 : (1 1 0 0 1 0 0 0 )
col 5 : (0 0 0 0 1 0 1 1 )
col 6 : (0 0 0 1 1 1 0 0 )
col 7 : (1 0 1 0 0 0 0 1 )
col 8 : (0 0 0 1 0 1 1 0 )
col 9 : (0 1 0 1 0 0 1 0 )
col 10: (0 1 1 0 1 0 0 0 )
col 11: (0 0 1 1 1 0 0 0 )
col 12: (1 0 0 0 0 1 1 0 )
col 13: (0 0 0 1 1 0 0 1 )
col 14: (0 0 0 0 0 1 1 1 )
col 15: (1 0 0 1 0 1 0 0 )
col 16: (0 0 0 1 1 0 1 0 )
col 17: (1 1 0 0 0 0 0 1 )
col 18: (1 0 1 0 1 0 0 0 )
col 19: (0 1 0 1 1 0 0 0 )
col 20: (1 0 0 0 1 1 0 0 )
col 21: (1 1 1 0 0 0 0 0 )
col 22: (1 0 0 0 0 1 0 1 )
col 23: (1 1 0 1 0 0 0 0 )
col 24: (0 0 0 0 1 1 1 0 )
col 25: (0 0 1 0 0 1 0 1 )
col 26: (1 0 1 0 0 1 0 0 )
col 27: (0 1 0 0 1 0 1 0 )
col 28: (0 0 1 0 1 1 0 0 )
col 29: (1 1 0 0 0 1 0 0 )
col 30: (0 1 0 1 0 0 0 1 )
col 31: (0 0 1 0 0 0 1 1 )
col 32: (1 0 0 1 0 0 1 0 )
col 33: (0 0 1 0 1 0 1 0 )
col 34: (1 0 1 0 0 0 1 0 )
col 35: (0 0 1 1 0 0 1 0 )
col 36: (1 0 0 0 1 0 0 1 )
col 37: (0 0 0 0 1 1 0 1 )
col 38: (0 1 1 1 0 0 0 0 )
col 39: (1 0 0 0 1 0 1 0 )
col 40: (0 0 1 0 0 1 1 0 )
col 41: (0 0 1 0 1 0 0 1 )
col 42: (0 1 1 0 0 0 0 1 )
col 43: (0 1 1 0 0 1 0 0 )
col 44: (1 0 0 0 0 0 1 1 )
col 45: (0 1 0 0 1 0 0 1 )
col 46: (1 0 0 1 1 0 0 0 )
col 47: (0 1 0 1 0 1 0 0 )
col 48: (1 1 0 0 0 0 1 0 )
col 49: (0 1 1 0 1 1 0 1 )
col 50: (1 0 1 0 1 0 1 1 )
col 51: (0 1 0 0 1 1 1 1 )
col 52: (1 0 1 1 1 0 1 0 )
col 53: (1 1 0 0 1 0 1 1 )
col 54: (1 0 0 1 1 1 0 1 )
col 55: (0 1 1 0 1 0 1 1 )
col 56: (0 1 0 1 1 1 0 1 )
col 57: (1 1 1 0 1 0 0 1 )
col 58: (1 0 1 0 0 1 1 1 )
col 59: (1 1 0 1 1 0 0 1 )
col 60: (1 0 1 0 1 1 1 0 )
col 61: (0 1 1 1 1 0 0 1 )
col 62: (1 1 0 1 0 0 1 1 )
col 63: (1 0 0 0 1 1 1 1 )
col 64: (0 1 1 1 0 0 1 1 )
col 65: (1 0 0 0 0 0 0 0 )
col 66: (0 1 0 0 0 0 0 0 )
col 67: (0 0 1 0 0 0 0 0 )
col 68: (0 0 0 1 0 0 0 0 )
col 69: (0 0 0 0 1 0 0 0 )
col 70: (0 0 0 0 0 1 0 0 )
col 71: (0 0 0 0 0 0 1 0 )
col 72: (0 0 0 0 0 0 0 1 )
162 70 13 19 208 56 133 104 74 22 28 97 152 224 41 88 131 21 26 49 7 161 11 112 164 37 82 52 35 138 196 73 84 69 76 145 176 14 81 100 148 134 38 193 146 25 42 67 182 213 242 93 211 185 214 186 151 229 155 117 158 203 241 206 1 2 4 8 16 32 64 128 
