
~~~~~~~~~~~ Configuration Settings ~~~~~~~~~

N: 72
K: 64
rows: 8
max_weight: 5
explore_coeff: 2.000000
depth_coeff: 0.015625
num_searches: 200
num_games: 1
enable_shared_memory: 1
enable_verbatim: 0
num_threads: 1
enable_action_space_splitting: 0
splitting_col: 28
left_weight: 3
right_weight: 5
enable_highscore: 1
heating_rate: 1.050000
heating_column_limit: 42


~~~~~~~~~~~~~~~~~~~~~~~~~~~~~~~~~~

No matrix found yet... :(


N72K64
-----------------------------------
Found @ iteration: 45 ; game = 1 
After 363.243 seconds
# Bad Cycles: 1350
# Set Bits:   268
# Max Row Weight: 39
col 1 : (1 1 0 1 0 1 1 0 )
col 2 : (1 1 1 0 0 0 0 0 )
col 3 : (0 0 0 1 1 1 1 1 )
col 4 : (1 0 1 1 0 0 1 1 )
col 5 : (1 0 0 1 0 1 1 1 )
col 6 : (0 0 1 1 0 1 0 0 )
col 7 : (1 1 0 1 1 1 0 0 )
col 8 : (1 0 1 1 0 1 0 1 )
col 9 : (1 0 0 1 1 0 1 1 )
col 10: (1 0 1 1 1 0 1 0 )
col 11: (1 0 0 1 0 0 0 1 )
col 12: (1 1 0 0 0 0 0 1 )
col 13: (1 0 1 0 1 1 0 1 )
col 14: (0 0 1 0 0 1 1 0 )
col 15: (0 0 1 0 1 1 1 1 )
col 16: (1 1 1 0 1 0 0 1 )
col 17: (1 0 1 0 1 0 0 0 )
col 18: (0 1 1 1 0 0 0 0 )
col 19: (1 1 1 1 1 0 0 0 )
col 20: (0 0 1 1 1 1 0 1 )
col 21: (1 0 0 1 0 1 0 0 )
col 22: (1 1 1 0 0 0 1 1 )
col 23: (1 1 1 0 1 1 0 0 )
col 24: (0 1 1 0 1 0 0 0 )
col 25: (1 1 1 0 0 1 0 1 )
col 26: (0 1 1 1 1 1 0 0 )
col 27: (0 0 0 0 0 1 1 1 )
col 28: (1 0 0 0 0 1 0 1 )
col 29: (1 0 1 1 0 0 0 0 )
col 30: (0 1 1 1 1 0 1 0 )
col 31: (0 1 0 0 1 0 0 1 )
col 32: (0 1 1 0 0 1 0 0 )
col 33: (0 1 0 1 1 0 0 0 )
col 34: (0 0 0 1 1 1 0 0 )
col 35: (1 0 1 0 1 0 1 1 )
col 36: (0 0 1 1 1 0 0 0 )
col 37: (0 1 0 0 0 1 0 1 )
col 38: (0 0 0 1 0 0 1 1 )
col 39: (1 1 0 0 1 1 1 0 )
col 40: (0 1 1 0 0 0 0 1 )
col 41: (1 0 1 0 0 0 1 0 )
col 42: (1 1 0 0 0 1 0 0 )
col 43: (1 0 0 1 1 0 0 0 )
col 44: (1 1 1 0 1 0 1 0 )
col 45: (0 1 0 0 1 1 1 1 )
col 46: (1 0 1 1 1 1 0 0 )
col 47: (0 1 1 0 1 1 0 1 )
col 48: (1 1 0 0 1 0 1 1 )
col 49: (0 0 1 1 0 0 0 1 )
col 50: (0 1 1 0 1 1 1 0 )
col 51: (0 1 0 1 0 1 0 0 )
col 52: (1 1 1 0 0 1 1 0 )
col 53: (0 1 1 1 0 0 1 1 )
col 54: (0 1 0 1 0 0 0 1 )
col 55: (0 1 1 1 1 0 0 1 )
col 56: (0 0 1 1 0 1 1 1 )
col 57: (1 0 0 0 1 1 0 0 )
col 58: (0 0 1 1 0 0 1 0 )
col 59: (1 1 0 0 0 1 1 1 )
col 60: (0 0 1 1 1 1 1 0 )
col 61: (0 0 1 1 1 0 1 1 )
col 62: (1 0 1 0 0 1 1 1 )
col 63: (1 1 0 0 0 0 1 0 )
col 64: (0 1 0 1 0 0 1 0 )
col 65: (1 0 0 0 0 0 0 0 )
col 66: (0 1 0 0 0 0 0 0 )
col 67: (0 0 1 0 0 0 0 0 )
col 68: (0 0 0 1 0 0 0 0 )
col 69: (0 0 0 0 1 0 0 0 )
col 70: (0 0 0 0 0 1 0 0 )
col 71: (0 0 0 0 0 0 1 0 )
col 72: (0 0 0 0 0 0 0 1 )
107 7 248 205 233 44 59 173 217 93 137 131 181 100 244 151 21 14 31 188 41 199 55 22 167 62 224 161 13 94 146 38 26 56 213 28 162 200 115 134 69 35 25 87 242 61 182 211 140 118 42 103 206 138 158 236 49 76 227 124 220 229 67 74 1 2 4 8 16 32 64 128 



N72K64
-----------------------------------
Found @ iteration: 49 ; game = 1 
After 412.659 seconds
# Bad Cycles: 1346
# Set Bits:   264
# Max Row Weight: 36
col 1 : (1 1 0 1 0 1 1 0 )
col 2 : (1 1 1 0 0 0 0 0 )
col 3 : (0 0 0 1 1 1 1 1 )
col 4 : (1 0 1 1 0 0 1 1 )
col 5 : (1 0 0 1 0 1 1 1 )
col 6 : (0 0 1 1 0 1 0 0 )
col 7 : (1 1 0 1 1 1 0 0 )
col 8 : (1 0 1 1 0 1 0 1 )
col 9 : (1 0 0 1 1 0 1 1 )
col 10: (1 0 1 1 1 0 1 0 )
col 11: (1 0 0 1 0 0 0 1 )
col 12: (1 1 0 0 0 0 0 1 )
col 13: (1 0 1 0 1 1 0 1 )
col 14: (0 0 1 0 0 1 1 0 )
col 15: (0 0 1 0 1 1 1 1 )
col 16: (1 1 1 0 1 0 0 1 )
col 17: (1 0 1 0 1 0 0 0 )
col 18: (0 1 1 1 0 0 0 0 )
col 19: (1 1 1 1 1 0 0 0 )
col 20: (0 0 1 1 1 1 0 1 )
col 21: (1 0 0 1 0 1 0 0 )
col 22: (1 1 1 0 0 0 1 1 )
col 23: (1 1 1 0 1 1 0 0 )
col 24: (0 1 1 0 1 0 0 0 )
col 25: (1 1 1 0 0 1 0 1 )
col 26: (0 1 1 1 1 1 0 0 )
col 27: (0 0 0 0 0 1 1 1 )
col 28: (1 0 0 0 0 1 0 1 )
col 29: (1 0 1 1 0 0 0 0 )
col 30: (0 1 1 1 1 0 1 0 )
col 31: (0 1 0 0 1 0 0 1 )
col 32: (0 1 1 0 0 1 0 0 )
col 33: (0 1 0 1 1 0 0 0 )
col 34: (0 0 0 1 1 1 0 0 )
col 35: (1 0 1 0 1 0 1 1 )
col 36: (0 0 1 1 1 0 0 0 )
col 37: (0 1 0 0 0 1 0 1 )
col 38: (0 0 0 1 0 0 1 1 )
col 39: (1 1 0 0 1 1 1 0 )
col 40: (0 1 1 0 0 0 0 1 )
col 41: (1 0 1 0 0 0 1 0 )
col 42: (1 1 0 0 0 1 0 0 )
col 43: (1 0 0 1 1 0 0 0 )
col 44: (1 1 1 0 1 0 1 0 )
col 45: (0 1 0 0 1 1 1 1 )
col 46: (1 0 1 1 1 1 0 0 )
col 47: (0 1 1 0 1 1 0 1 )
col 48: (1 1 0 0 1 0 1 1 )
col 49: (0 0 1 1 1 1 1 0 )
col 50: (0 1 0 0 0 1 1 0 )
col 51: (1 0 0 0 1 1 1 1 )
col 52: (1 1 0 1 0 0 0 0 )
col 53: (1 0 0 0 1 0 0 1 )
col 54: (1 1 0 0 0 0 1 0 )
col 55: (0 1 1 1 0 0 1 1 )
col 56: (0 1 1 0 0 0 1 0 )
col 57: (0 1 1 1 0 1 0 1 )
col 58: (0 0 0 1 1 0 1 0 )
col 59: (1 0 0 0 1 1 0 0 )
col 60: (0 1 1 0 1 1 1 0 )
col 61: (1 1 0 1 1 0 1 0 )
col 62: (1 1 0 0 1 0 0 0 )
col 63: (0 0 1 0 0 1 0 1 )
col 64: (0 1 1 0 1 0 1 1 )
col 65: (1 0 0 0 0 0 0 0 )
col 66: (0 1 0 0 0 0 0 0 )
col 67: (0 0 1 0 0 0 0 0 )
col 68: (0 0 0 1 0 0 0 0 )
col 69: (0 0 0 0 1 0 0 0 )
col 70: (0 0 0 0 0 1 0 0 )
col 71: (0 0 0 0 0 0 1 0 )
col 72: (0 0 0 0 0 0 0 1 )
107 7 248 205 233 44 59 173 217 93 137 131 181 100 244 151 21 14 31 188 41 199 55 22 167 62 224 161 13 94 146 38 26 56 213 28 162 200 115 134 69 35 25 87 242 61 182 211 124 98 241 11 145 67 206 70 174 88 49 118 91 19 164 214 1 2 4 8 16 32 64 128 



N72K64
-----------------------------------
Found @ iteration: 50 ; game = 1 
After 419.917 seconds
# Bad Cycles: 1339
# Set Bits:   268
# Max Row Weight: 37
col 1 : (1 1 0 1 0 1 1 0 )
col 2 : (1 1 1 0 0 0 0 0 )
col 3 : (0 0 0 1 1 1 1 1 )
col 4 : (1 0 1 1 0 0 1 1 )
col 5 : (1 0 0 1 0 1 1 1 )
col 6 : (0 0 1 1 0 1 0 0 )
col 7 : (1 1 0 1 1 1 0 0 )
col 8 : (1 0 1 1 0 1 0 1 )
col 9 : (1 0 0 1 1 0 1 1 )
col 10: (1 0 1 1 1 0 1 0 )
col 11: (1 0 0 1 0 0 0 1 )
col 12: (1 1 0 0 0 0 0 1 )
col 13: (1 0 1 0 1 1 0 1 )
col 14: (0 0 1 0 0 1 1 0 )
col 15: (0 0 1 0 1 1 1 1 )
col 16: (1 1 1 0 1 0 0 1 )
col 17: (1 0 1 0 1 0 0 0 )
col 18: (0 1 1 1 0 0 0 0 )
col 19: (1 1 1 1 1 0 0 0 )
col 20: (0 0 1 1 1 1 0 1 )
col 21: (1 0 0 1 0 1 0 0 )
col 22: (1 1 1 0 0 0 1 1 )
col 23: (1 1 1 0 1 1 0 0 )
col 24: (0 1 1 0 1 0 0 0 )
col 25: (1 1 1 0 0 1 0 1 )
col 26: (0 1 1 1 1 1 0 0 )
col 27: (0 0 0 0 0 1 1 1 )
col 28: (1 0 0 0 0 1 0 1 )
col 29: (1 0 1 1 0 0 0 0 )
col 30: (0 1 1 1 1 0 1 0 )
col 31: (0 1 0 0 1 0 0 1 )
col 32: (0 1 1 0 0 1 0 0 )
col 33: (0 1 0 1 1 0 0 0 )
col 34: (0 0 0 1 1 1 0 0 )
col 35: (1 0 1 0 1 0 1 1 )
col 36: (0 0 1 1 1 0 0 0 )
col 37: (0 1 0 0 0 1 0 1 )
col 38: (0 0 0 1 0 0 1 1 )
col 39: (1 1 0 0 1 1 1 0 )
col 40: (0 1 1 0 0 0 0 1 )
col 41: (1 0 1 0 0 0 1 0 )
col 42: (1 1 0 0 0 1 0 0 )
col 43: (1 0 0 1 1 0 0 0 )
col 44: (1 1 1 0 1 0 1 0 )
col 45: (0 1 0 0 1 1 1 1 )
col 46: (1 0 1 1 1 1 0 0 )
col 47: (0 1 1 0 1 1 0 1 )
col 48: (1 1 0 0 1 0 1 1 )
col 49: (0 0 1 1 1 1 1 0 )
col 50: (1 0 1 1 1 0 0 1 )
col 51: (0 1 0 1 0 0 1 0 )
col 52: (0 1 0 0 0 0 1 1 )
col 53: (1 0 1 0 0 1 1 1 )
col 54: (1 1 0 0 1 1 0 1 )
col 55: (0 1 1 1 0 1 0 1 )
col 56: (1 0 0 0 1 0 0 1 )
col 57: (1 0 0 0 0 0 1 1 )
col 58: (1 1 0 1 1 0 0 1 )
col 59: (0 1 0 0 0 1 1 0 )
col 60: (1 1 0 1 0 0 0 0 )
col 61: (0 0 0 1 1 0 0 1 )
col 62: (0 1 1 0 0 1 1 1 )
col 63: (0 1 0 1 1 1 0 1 )
col 64: (1 1 0 1 0 0 1 1 )
col 65: (1 0 0 0 0 0 0 0 )
col 66: (0 1 0 0 0 0 0 0 )
col 67: (0 0 1 0 0 0 0 0 )
col 68: (0 0 0 1 0 0 0 0 )
col 69: (0 0 0 0 1 0 0 0 )
col 70: (0 0 0 0 0 1 0 0 )
col 71: (0 0 0 0 0 0 1 0 )
col 72: (0 0 0 0 0 0 0 1 )
107 7 248 205 233 44 59 173 217 93 137 131 181 100 244 151 21 14 31 188 41 199 55 22 167 62 224 161 13 94 146 38 26 56 213 28 162 200 115 134 69 35 25 87 242 61 182 211 124 157 74 194 229 179 174 145 193 155 98 11 152 230 186 203 1 2 4 8 16 32 64 128 



N72K64
-----------------------------------
Found @ iteration: 50 ; game = 1 
After 425.236 seconds
# Bad Cycles: 1336
# Set Bits:   268
# Max Row Weight: 38
col 1 : (1 1 0 1 0 1 1 0 )
col 2 : (1 1 1 0 0 0 0 0 )
col 3 : (0 0 0 1 1 1 1 1 )
col 4 : (1 0 1 1 0 0 1 1 )
col 5 : (1 0 0 1 0 1 1 1 )
col 6 : (0 0 1 1 0 1 0 0 )
col 7 : (1 1 0 1 1 1 0 0 )
col 8 : (1 0 1 1 0 1 0 1 )
col 9 : (1 0 0 1 1 0 1 1 )
col 10: (1 0 1 1 1 0 1 0 )
col 11: (1 0 0 1 0 0 0 1 )
col 12: (1 1 0 0 0 0 0 1 )
col 13: (1 0 1 0 1 1 0 1 )
col 14: (0 0 1 0 0 1 1 0 )
col 15: (0 0 1 0 1 1 1 1 )
col 16: (1 1 1 0 1 0 0 1 )
col 17: (1 0 1 0 1 0 0 0 )
col 18: (0 1 1 1 0 0 0 0 )
col 19: (1 1 1 1 1 0 0 0 )
col 20: (0 0 1 1 1 1 0 1 )
col 21: (1 0 0 1 0 1 0 0 )
col 22: (1 1 1 0 0 0 1 1 )
col 23: (1 1 1 0 1 1 0 0 )
col 24: (0 1 1 0 1 0 0 0 )
col 25: (1 1 1 0 0 1 0 1 )
col 26: (0 1 1 1 1 1 0 0 )
col 27: (0 0 0 0 0 1 1 1 )
col 28: (1 0 0 0 0 1 0 1 )
col 29: (1 0 1 1 0 0 0 0 )
col 30: (0 1 1 1 1 0 1 0 )
col 31: (0 1 0 0 1 0 0 1 )
col 32: (0 1 1 0 0 1 0 0 )
col 33: (0 1 0 1 1 0 0 0 )
col 34: (0 0 0 1 1 1 0 0 )
col 35: (1 0 1 0 1 0 1 1 )
col 36: (0 0 1 1 1 0 0 0 )
col 37: (0 1 0 0 0 1 0 1 )
col 38: (0 0 0 1 0 0 1 1 )
col 39: (1 1 0 0 1 1 1 0 )
col 40: (0 1 1 0 0 0 0 1 )
col 41: (1 0 1 0 0 0 1 0 )
col 42: (1 1 0 0 0 1 0 0 )
col 43: (1 0 0 1 1 0 0 0 )
col 44: (1 1 1 0 1 0 1 0 )
col 45: (0 1 0 0 1 1 1 1 )
col 46: (1 0 1 1 1 1 0 0 )
col 47: (0 1 1 0 1 1 0 1 )
col 48: (1 1 0 0 1 0 1 1 )
col 49: (0 0 1 1 1 1 1 0 )
col 50: (0 1 0 1 0 1 0 0 )
col 51: (0 1 1 0 1 1 1 0 )
col 52: (0 0 1 1 1 0 1 1 )
col 53: (0 0 1 1 0 0 0 1 )
col 54: (1 1 0 1 0 0 0 0 )
col 55: (1 0 0 1 1 1 0 1 )
col 56: (1 0 0 0 0 1 1 0 )
col 57: (0 0 0 1 1 0 0 1 )
col 58: (1 0 1 0 0 1 0 0 )
col 59: (0 1 1 1 0 1 1 0 )
col 60: (0 1 1 0 1 0 1 1 )
col 61: (0 0 0 1 0 1 0 1 )
col 62: (0 0 1 1 0 1 1 1 )
col 63: (1 0 1 1 0 1 1 0 )
col 64: (1 1 0 1 1 0 0 1 )
col 65: (1 0 0 0 0 0 0 0 )
col 66: (0 1 0 0 0 0 0 0 )
col 67: (0 0 1 0 0 0 0 0 )
col 68: (0 0 0 1 0 0 0 0 )
col 69: (0 0 0 0 1 0 0 0 )
col 70: (0 0 0 0 0 1 0 0 )
col 71: (0 0 0 0 0 0 1 0 )
col 72: (0 0 0 0 0 0 0 1 )
107 7 248 205 233 44 59 173 217 93 137 131 181 100 244 151 21 14 31 188 41 199 55 22 167 62 224 161 13 94 146 38 26 56 213 28 162 200 115 134 69 35 25 87 242 61 182 211 124 42 118 220 140 11 185 97 152 37 110 214 168 236 109 155 1 2 4 8 16 32 64 128 



N72K64
-----------------------------------
Found @ iteration: 51 ; game = 1 
After 433.392 seconds
# Bad Cycles: 1329
# Set Bits:   258
# Max Row Weight: 35
col 1 : (1 1 0 1 0 1 1 0 )
col 2 : (1 1 1 0 0 0 0 0 )
col 3 : (0 0 0 1 1 1 1 1 )
col 4 : (1 0 1 1 0 0 1 1 )
col 5 : (1 0 0 1 0 1 1 1 )
col 6 : (0 0 1 1 0 1 0 0 )
col 7 : (1 1 0 1 1 1 0 0 )
col 8 : (1 0 1 1 0 1 0 1 )
col 9 : (1 0 0 1 1 0 1 1 )
col 10: (1 0 1 1 1 0 1 0 )
col 11: (1 0 0 1 0 0 0 1 )
col 12: (1 1 0 0 0 0 0 1 )
col 13: (1 0 1 0 1 1 0 1 )
col 14: (0 0 1 0 0 1 1 0 )
col 15: (0 0 1 0 1 1 1 1 )
col 16: (1 1 1 0 1 0 0 1 )
col 17: (1 0 1 0 1 0 0 0 )
col 18: (0 1 1 1 0 0 0 0 )
col 19: (1 1 1 1 1 0 0 0 )
col 20: (0 0 1 1 1 1 0 1 )
col 21: (1 0 0 1 0 1 0 0 )
col 22: (1 1 1 0 0 0 1 1 )
col 23: (1 1 1 0 1 1 0 0 )
col 24: (0 1 1 0 1 0 0 0 )
col 25: (1 1 1 0 0 1 0 1 )
col 26: (0 1 1 1 1 1 0 0 )
col 27: (0 0 0 0 0 1 1 1 )
col 28: (1 0 0 0 0 1 0 1 )
col 29: (1 0 1 1 0 0 0 0 )
col 30: (0 1 1 1 1 0 1 0 )
col 31: (0 1 0 0 1 0 0 1 )
col 32: (0 1 1 0 0 1 0 0 )
col 33: (0 1 0 1 1 0 0 0 )
col 34: (0 0 0 1 1 1 0 0 )
col 35: (1 0 1 0 1 0 1 1 )
col 36: (0 0 1 1 1 0 0 0 )
col 37: (0 1 0 0 0 1 0 1 )
col 38: (0 0 0 1 0 0 1 1 )
col 39: (1 1 0 0 1 1 1 0 )
col 40: (0 1 1 0 0 0 0 1 )
col 41: (1 0 1 0 0 0 1 0 )
col 42: (1 1 0 0 0 1 0 0 )
col 43: (1 0 0 1 1 0 0 0 )
col 44: (1 1 1 0 1 0 1 0 )
col 45: (0 1 0 0 1 1 1 1 )
col 46: (1 0 1 1 1 1 0 0 )
col 47: (0 1 1 0 1 1 0 1 )
col 48: (1 1 0 0 1 0 1 1 )
col 49: (0 0 1 1 1 1 1 0 )
col 50: (0 1 0 1 0 1 0 0 )
col 51: (0 0 0 0 1 0 1 1 )
col 52: (1 0 0 1 1 1 1 0 )
col 53: (0 0 0 1 1 0 0 1 )
col 54: (1 1 0 0 0 0 1 0 )
col 55: (0 1 0 0 1 1 0 0 )
col 56: (1 1 1 1 0 1 0 0 )
col 57: (1 0 0 0 1 1 0 0 )
col 58: (0 1 0 1 0 0 1 0 )
col 59: (1 0 1 0 1 1 1 0 )
col 60: (1 0 0 0 0 1 1 0 )
col 61: (0 1 0 1 0 0 0 1 )
col 62: (0 0 1 0 0 1 0 1 )
col 63: (0 0 1 1 0 0 0 1 )
col 64: (0 0 1 0 1 0 1 0 )
col 65: (1 0 0 0 0 0 0 0 )
col 66: (0 1 0 0 0 0 0 0 )
col 67: (0 0 1 0 0 0 0 0 )
col 68: (0 0 0 1 0 0 0 0 )
col 69: (0 0 0 0 1 0 0 0 )
col 70: (0 0 0 0 0 1 0 0 )
col 71: (0 0 0 0 0 0 1 0 )
col 72: (0 0 0 0 0 0 0 1 )
107 7 248 205 233 44 59 173 217 93 137 131 181 100 244 151 21 14 31 188 41 199 55 22 167 62 224 161 13 94 146 38 26 56 213 28 162 200 115 134 69 35 25 87 242 61 182 211 124 42 208 121 152 67 50 47 49 74 117 97 138 164 140 84 1 2 4 8 16 32 64 128 



N72K64
-----------------------------------
Found @ iteration: 52 ; game = 1 
After 439.777 seconds
# Bad Cycles: 1321
# Set Bits:   268
# Max Row Weight: 36
col 1 : (1 1 0 1 0 1 1 0 )
col 2 : (1 1 1 0 0 0 0 0 )
col 3 : (0 0 0 1 1 1 1 1 )
col 4 : (1 0 1 1 0 0 1 1 )
col 5 : (1 0 0 1 0 1 1 1 )
col 6 : (0 0 1 1 0 1 0 0 )
col 7 : (1 1 0 1 1 1 0 0 )
col 8 : (1 0 1 1 0 1 0 1 )
col 9 : (1 0 0 1 1 0 1 1 )
col 10: (1 0 1 1 1 0 1 0 )
col 11: (1 0 0 1 0 0 0 1 )
col 12: (1 1 0 0 0 0 0 1 )
col 13: (1 0 1 0 1 1 0 1 )
col 14: (0 0 1 0 0 1 1 0 )
col 15: (0 0 1 0 1 1 1 1 )
col 16: (1 1 1 0 1 0 0 1 )
col 17: (1 0 1 0 1 0 0 0 )
col 18: (0 1 1 1 0 0 0 0 )
col 19: (1 1 1 1 1 0 0 0 )
col 20: (0 0 1 1 1 1 0 1 )
col 21: (1 0 0 1 0 1 0 0 )
col 22: (1 1 1 0 0 0 1 1 )
col 23: (1 1 1 0 1 1 0 0 )
col 24: (0 1 1 0 1 0 0 0 )
col 25: (1 1 1 0 0 1 0 1 )
col 26: (0 1 1 1 1 1 0 0 )
col 27: (0 0 0 0 0 1 1 1 )
col 28: (1 0 0 0 0 1 0 1 )
col 29: (1 0 1 1 0 0 0 0 )
col 30: (0 1 1 1 1 0 1 0 )
col 31: (0 1 0 0 1 0 0 1 )
col 32: (0 1 1 0 0 1 0 0 )
col 33: (0 1 0 1 1 0 0 0 )
col 34: (0 0 0 1 1 1 0 0 )
col 35: (1 0 1 0 1 0 1 1 )
col 36: (0 0 1 1 1 0 0 0 )
col 37: (0 1 0 0 0 1 0 1 )
col 38: (0 0 0 1 0 0 1 1 )
col 39: (1 1 0 0 1 1 1 0 )
col 40: (0 1 1 0 0 0 0 1 )
col 41: (1 0 1 0 0 0 1 0 )
col 42: (1 1 0 0 0 1 0 0 )
col 43: (1 0 0 1 1 0 0 0 )
col 44: (1 1 1 0 1 0 1 0 )
col 45: (0 1 0 0 1 1 1 1 )
col 46: (1 0 1 1 1 1 0 0 )
col 47: (0 1 1 0 1 1 0 1 )
col 48: (1 1 0 0 1 0 1 1 )
col 49: (0 0 1 1 1 1 1 0 )
col 50: (0 1 0 1 0 1 0 0 )
col 51: (0 0 0 0 1 0 1 1 )
col 52: (1 1 0 1 0 1 0 1 )
col 53: (0 1 0 0 1 0 1 0 )
col 54: (0 1 0 1 1 1 0 1 )
col 55: (1 0 1 1 1 0 0 1 )
col 56: (0 1 0 1 0 1 1 1 )
col 57: (1 1 0 1 0 0 0 0 )
col 58: (0 0 0 1 1 0 0 1 )
col 59: (0 1 0 1 1 1 1 0 )
col 60: (0 1 0 1 1 0 1 1 )
col 61: (1 1 1 1 0 0 0 1 )
col 62: (0 1 0 0 1 1 0 0 )
col 63: (1 0 1 0 0 1 1 1 )
col 64: (0 0 1 1 0 0 1 0 )
col 65: (1 0 0 0 0 0 0 0 )
col 66: (0 1 0 0 0 0 0 0 )
col 67: (0 0 1 0 0 0 0 0 )
col 68: (0 0 0 1 0 0 0 0 )
col 69: (0 0 0 0 1 0 0 0 )
col 70: (0 0 0 0 0 1 0 0 )
col 71: (0 0 0 0 0 0 1 0 )
col 72: (0 0 0 0 0 0 0 1 )
107 7 248 205 233 44 59 173 217 93 137 131 181 100 244 151 21 14 31 188 41 199 55 22 167 62 224 161 13 94 146 38 26 56 213 28 162 200 115 134 69 35 25 87 242 61 182 211 124 42 208 171 82 186 157 234 11 152 122 218 143 50 229 76 1 2 4 8 16 32 64 128 



N72K64
-----------------------------------
Found @ iteration: 55 ; game = 1 
After 467.765 seconds
# Bad Cycles: 1315
# Set Bits:   266
# Max Row Weight: 38
col 1 : (1 1 0 1 0 1 1 0 )
col 2 : (1 1 1 0 0 0 0 0 )
col 3 : (0 0 0 1 1 1 1 1 )
col 4 : (1 0 1 1 0 0 1 1 )
col 5 : (1 0 0 1 0 1 1 1 )
col 6 : (0 0 1 1 0 1 0 0 )
col 7 : (1 1 0 1 1 1 0 0 )
col 8 : (1 0 1 1 0 1 0 1 )
col 9 : (1 0 0 1 1 0 1 1 )
col 10: (1 0 1 1 1 0 1 0 )
col 11: (1 0 0 1 0 0 0 1 )
col 12: (1 1 0 0 0 0 0 1 )
col 13: (1 0 1 0 1 1 0 1 )
col 14: (0 0 1 0 0 1 1 0 )
col 15: (0 0 1 0 1 1 1 1 )
col 16: (1 1 1 0 1 0 0 1 )
col 17: (1 0 1 0 1 0 0 0 )
col 18: (0 1 1 1 0 0 0 0 )
col 19: (1 1 1 1 1 0 0 0 )
col 20: (0 0 1 1 1 1 0 1 )
col 21: (1 0 0 1 0 1 0 0 )
col 22: (1 1 1 0 0 0 1 1 )
col 23: (1 1 1 0 1 1 0 0 )
col 24: (0 1 1 0 1 0 0 0 )
col 25: (1 1 1 0 0 1 0 1 )
col 26: (0 1 1 1 1 1 0 0 )
col 27: (0 0 0 0 0 1 1 1 )
col 28: (1 0 0 0 0 1 0 1 )
col 29: (1 0 1 1 0 0 0 0 )
col 30: (0 1 1 1 1 0 1 0 )
col 31: (0 1 0 0 1 0 0 1 )
col 32: (0 1 1 0 0 1 0 0 )
col 33: (0 1 0 1 1 0 0 0 )
col 34: (0 0 0 1 1 1 0 0 )
col 35: (1 0 1 0 1 0 1 1 )
col 36: (0 0 1 1 1 0 0 0 )
col 37: (0 1 0 0 0 1 0 1 )
col 38: (0 0 0 1 0 0 1 1 )
col 39: (1 1 0 0 1 1 1 0 )
col 40: (0 1 1 0 0 0 0 1 )
col 41: (1 0 1 0 0 0 1 0 )
col 42: (1 1 0 0 0 1 0 0 )
col 43: (1 0 0 1 1 0 0 0 )
col 44: (1 1 1 0 1 0 1 0 )
col 45: (0 1 0 0 1 1 1 1 )
col 46: (1 0 1 1 1 1 0 0 )
col 47: (0 1 1 0 1 1 0 1 )
col 48: (1 1 0 0 1 0 1 1 )
col 49: (0 0 1 1 1 1 1 0 )
col 50: (0 1 0 1 0 1 0 0 )
col 51: (0 0 0 0 1 0 1 1 )
col 52: (1 1 0 1 0 1 0 1 )
col 53: (0 1 0 0 1 0 1 0 )
col 54: (0 1 0 1 1 1 0 1 )
col 55: (1 0 1 0 0 0 0 1 )
col 56: (0 0 0 1 1 0 0 1 )
col 57: (0 1 1 0 0 1 1 1 )
col 58: (1 1 0 1 1 0 0 1 )
col 59: (1 0 0 0 1 0 1 0 )
col 60: (0 0 1 1 1 0 1 1 )
col 61: (0 0 1 0 1 0 1 0 )
col 62: (1 1 1 1 0 0 0 1 )
col 63: (0 1 0 0 1 1 0 0 )
col 64: (1 0 0 1 1 1 1 0 )
col 65: (1 0 0 0 0 0 0 0 )
col 66: (0 1 0 0 0 0 0 0 )
col 67: (0 0 1 0 0 0 0 0 )
col 68: (0 0 0 1 0 0 0 0 )
col 69: (0 0 0 0 1 0 0 0 )
col 70: (0 0 0 0 0 1 0 0 )
col 71: (0 0 0 0 0 0 1 0 )
col 72: (0 0 0 0 0 0 0 1 )
107 7 248 205 233 44 59 173 217 93 137 131 181 100 244 151 21 14 31 188 41 199 55 22 167 62 224 161 13 94 146 38 26 56 213 28 162 200 115 134 69 35 25 87 242 61 182 211 124 42 208 171 82 186 133 152 230 155 81 220 84 143 50 121 1 2 4 8 16 32 64 128 



N72K64
-----------------------------------
Found @ iteration: 58 ; game = 1 
After 490.552 seconds
# Bad Cycles: 1312
# Set Bits:   266
# Max Row Weight: 36
col 1 : (1 1 0 1 0 1 1 0 )
col 2 : (1 1 1 0 0 0 0 0 )
col 3 : (0 0 0 1 1 1 1 1 )
col 4 : (1 0 1 1 0 0 1 1 )
col 5 : (1 0 0 1 0 1 1 1 )
col 6 : (0 0 1 1 0 1 0 0 )
col 7 : (1 1 0 1 1 1 0 0 )
col 8 : (1 0 1 1 0 1 0 1 )
col 9 : (1 0 0 1 1 0 1 1 )
col 10: (1 0 1 1 1 0 1 0 )
col 11: (1 0 0 1 0 0 0 1 )
col 12: (1 1 0 0 0 0 0 1 )
col 13: (1 0 1 0 1 1 0 1 )
col 14: (0 0 1 0 0 1 1 0 )
col 15: (0 0 1 0 1 1 1 1 )
col 16: (1 1 1 0 1 0 0 1 )
col 17: (1 0 1 0 1 0 0 0 )
col 18: (0 1 1 1 0 0 0 0 )
col 19: (1 1 1 1 1 0 0 0 )
col 20: (0 0 1 1 1 1 0 1 )
col 21: (1 0 0 1 0 1 0 0 )
col 22: (1 1 1 0 0 0 1 1 )
col 23: (1 1 1 0 1 1 0 0 )
col 24: (0 1 1 0 1 0 0 0 )
col 25: (1 1 1 0 0 1 0 1 )
col 26: (0 1 1 1 1 1 0 0 )
col 27: (0 0 0 0 0 1 1 1 )
col 28: (1 0 0 0 0 1 0 1 )
col 29: (1 0 1 1 0 0 0 0 )
col 30: (0 1 1 1 1 0 1 0 )
col 31: (0 1 0 0 1 0 0 1 )
col 32: (0 1 1 0 0 1 0 0 )
col 33: (0 1 0 1 1 0 0 0 )
col 34: (0 0 0 1 1 1 0 0 )
col 35: (1 0 1 0 1 0 1 1 )
col 36: (0 0 1 1 1 0 0 0 )
col 37: (0 1 0 0 0 1 0 1 )
col 38: (0 0 0 1 0 0 1 1 )
col 39: (1 1 0 0 1 1 1 0 )
col 40: (0 1 1 0 0 0 0 1 )
col 41: (1 0 1 0 0 0 1 0 )
col 42: (1 1 0 0 0 1 0 0 )
col 43: (1 0 0 1 1 0 0 0 )
col 44: (1 1 1 0 1 0 1 0 )
col 45: (0 1 0 0 1 1 1 1 )
col 46: (1 0 1 1 1 1 0 0 )
col 47: (0 1 1 0 1 1 0 1 )
col 48: (1 1 0 0 1 0 1 1 )
col 49: (0 0 1 1 1 1 1 0 )
col 50: (0 1 0 1 0 1 0 0 )
col 51: (0 0 0 0 1 0 1 1 )
col 52: (1 1 0 1 0 1 0 1 )
col 53: (0 1 0 0 1 0 1 0 )
col 54: (0 1 0 1 1 1 0 1 )
col 55: (1 0 1 0 0 0 0 1 )
col 56: (0 0 0 1 1 0 0 1 )
col 57: (0 1 1 0 0 1 1 1 )
col 58: (1 1 0 1 1 0 0 1 )
col 59: (0 0 0 0 1 1 0 1 )
col 60: (0 1 0 1 1 1 1 0 )
col 61: (1 0 0 0 1 1 0 0 )
col 62: (1 0 0 1 0 0 1 0 )
col 63: (1 1 1 1 0 0 0 1 )
col 64: (0 1 1 1 0 1 1 0 )
col 65: (1 0 0 0 0 0 0 0 )
col 66: (0 1 0 0 0 0 0 0 )
col 67: (0 0 1 0 0 0 0 0 )
col 68: (0 0 0 1 0 0 0 0 )
col 69: (0 0 0 0 1 0 0 0 )
col 70: (0 0 0 0 0 1 0 0 )
col 71: (0 0 0 0 0 0 1 0 )
col 72: (0 0 0 0 0 0 0 1 )
107 7 248 205 233 44 59 173 217 93 137 131 181 100 244 151 21 14 31 188 41 199 55 22 167 62 224 161 13 94 146 38 26 56 213 28 162 200 115 134 69 35 25 87 242 61 182 211 124 42 208 171 82 186 133 152 230 155 176 122 49 73 143 110 1 2 4 8 16 32 64 128 



=====================
Execution time: 510.618 seconds
