
~~~~~~~~~~~ Configuration Settings ~~~~~~~~~

N: 72
K: 64
rows: 8
max_weight: 5
explore_coeff: 2.000000
depth_coeff: 0.015625
num_searches: 200
num_games: 1
enable_shared_memory: 1
enable_verbatim: 0
num_threads: 1
enable_action_space_splitting: 1
splitting_col: 28
left_weight: 3
right_weight: 5
enable_highscore: 1
heating_rate: 1.050000
heating_column_limit: 42


~~~~~~~~~~~~~~~~~~~~~~~~~~~~~~~~~~

No matrix found yet... :(


N72K64
-----------------------------------
Found @ iteration: 46 ; game = 1 
After 198.449 seconds
# Bad Cycles: 1335
# Set Bits:   272
# Max Row Weight: 38
col 1 : (1 0 1 0 0 0 0 1 )
col 2 : (1 1 1 0 0 0 0 0 )
col 3 : (1 0 0 0 1 0 1 0 )
col 4 : (0 0 1 1 1 0 0 0 )
col 5 : (1 0 0 0 0 0 1 1 )
col 6 : (1 1 0 1 0 0 0 0 )
col 7 : (1 0 1 0 0 0 1 0 )
col 8 : (1 0 0 1 0 0 0 1 )
col 9 : (0 0 0 0 1 1 0 1 )
col 10: (0 1 1 0 0 0 1 0 )
col 11: (0 0 1 1 0 1 0 0 )
col 12: (0 1 0 0 1 0 0 1 )
col 13: (0 0 0 1 0 0 1 1 )
col 14: (0 0 0 1 0 1 1 0 )
col 15: (0 0 0 0 1 0 1 1 )
col 16: (1 0 1 0 0 1 0 0 )
col 17: (1 1 0 0 0 0 1 0 )
col 18: (0 0 1 1 0 0 0 1 )
col 19: (0 0 1 0 0 0 1 1 )
col 20: (0 0 1 1 0 0 1 0 )
col 21: (0 1 0 1 0 0 0 1 )
col 22: (1 0 0 1 0 1 0 0 )
col 23: (1 0 1 1 0 0 0 0 )
col 24: (0 1 0 0 0 1 1 0 )
col 25: (1 0 1 0 1 0 0 0 )
col 26: (0 1 0 1 0 0 1 0 )
col 27: (0 1 1 0 0 1 0 0 )
col 28: (1 0 0 0 1 0 0 1 )
col 29: (1 0 0 1 1 1 0 1 )
col 30: (1 1 1 1 0 1 0 0 )
col 31: (1 0 1 1 1 0 1 0 )
col 32: (0 1 0 0 1 1 1 1 )
col 33: (1 1 1 0 0 1 1 0 )
col 34: (0 0 1 1 0 1 1 1 )
col 35: (1 1 1 1 0 0 0 1 )
col 36: (0 1 1 1 1 0 0 1 )
col 37: (1 1 0 1 0 0 1 1 )
col 38: (1 0 0 1 1 1 1 0 )
col 39: (1 1 0 1 1 0 1 0 )
col 40: (0 0 1 1 1 1 0 1 )
col 41: (1 1 0 1 0 1 0 1 )
col 42: (1 1 1 0 1 1 0 0 )
col 43: (1 1 0 1 0 1 1 0 )
col 44: (1 1 1 1 1 0 0 0 )
col 45: (0 1 1 1 1 0 1 0 )
col 46: (0 1 1 1 0 1 0 1 )
col 47: (1 0 1 1 1 0 0 1 )
col 48: (1 1 0 1 1 1 0 0 )
col 49: (0 1 1 0 1 0 1 1 )
col 50: (1 0 1 1 1 1 0 0 )
col 51: (0 1 1 0 1 1 1 0 )
col 52: (1 0 1 1 0 1 0 1 )
col 53: (0 0 1 0 1 1 1 1 )
col 54: (0 1 1 1 0 1 1 0 )
col 55: (1 1 0 0 0 1 1 1 )
col 56: (1 0 0 0 1 1 1 1 )
col 57: (1 1 0 0 1 1 0 1 )
col 58: (0 1 0 1 1 1 0 1 )
col 59: (1 0 1 1 0 1 1 0 )
col 60: (1 1 1 0 1 0 1 0 )
col 61: (0 1 1 1 0 0 1 1 )
col 62: (1 0 1 0 1 1 0 1 )
col 63: (0 1 1 0 0 1 1 1 )
col 64: (0 1 1 1 1 1 0 0 )
col 65: (1 0 0 0 0 0 0 0 )
col 66: (0 1 0 0 0 0 0 0 )
col 67: (0 0 1 0 0 0 0 0 )
col 68: (0 0 0 1 0 0 0 0 )
col 69: (0 0 0 0 1 0 0 0 )
col 70: (0 0 0 0 0 1 0 0 )
col 71: (0 0 0 0 0 0 1 0 )
col 72: (0 0 0 0 0 0 0 1 )
133 7 81 28 193 11 69 137 176 70 44 146 200 104 208 37 67 140 196 76 138 41 13 98 21 74 38 145 185 47 93 242 103 236 143 158 203 121 91 188 171 55 107 31 94 174 157 59 214 61 118 173 244 110 227 241 179 186 109 87 206 181 230 62 1 2 4 8 16 32 64 128 



N72K64
-----------------------------------
Found @ iteration: 49 ; game = 1 
After 213.498 seconds
# Bad Cycles: 1325
# Set Bits:   272
# Max Row Weight: 40
col 1 : (1 0 1 0 0 0 0 1 )
col 2 : (1 1 1 0 0 0 0 0 )
col 3 : (1 0 0 0 1 0 1 0 )
col 4 : (0 0 1 1 1 0 0 0 )
col 5 : (1 0 0 0 0 0 1 1 )
col 6 : (1 1 0 1 0 0 0 0 )
col 7 : (1 0 1 0 0 0 1 0 )
col 8 : (1 0 0 1 0 0 0 1 )
col 9 : (0 0 0 0 1 1 0 1 )
col 10: (0 1 1 0 0 0 1 0 )
col 11: (0 0 1 1 0 1 0 0 )
col 12: (0 1 0 0 1 0 0 1 )
col 13: (0 0 0 1 0 0 1 1 )
col 14: (0 0 0 1 0 1 1 0 )
col 15: (0 0 0 0 1 0 1 1 )
col 16: (1 0 1 0 0 1 0 0 )
col 17: (1 1 0 0 0 0 1 0 )
col 18: (0 0 1 1 0 0 0 1 )
col 19: (0 0 1 0 0 0 1 1 )
col 20: (0 0 1 1 0 0 1 0 )
col 21: (0 1 0 1 0 0 0 1 )
col 22: (1 0 0 1 0 1 0 0 )
col 23: (1 0 1 1 0 0 0 0 )
col 24: (0 1 0 0 0 1 1 0 )
col 25: (1 0 1 0 1 0 0 0 )
col 26: (0 1 0 1 0 0 1 0 )
col 27: (0 1 1 0 0 1 0 0 )
col 28: (1 0 0 0 1 0 0 1 )
col 29: (1 0 0 1 1 1 0 1 )
col 30: (1 1 1 1 0 1 0 0 )
col 31: (1 0 1 1 1 0 1 0 )
col 32: (0 1 0 0 1 1 1 1 )
col 33: (1 1 1 0 0 1 1 0 )
col 34: (0 0 1 1 0 1 1 1 )
col 35: (1 1 1 1 0 0 0 1 )
col 36: (0 1 1 1 1 0 0 1 )
col 37: (1 1 0 1 0 0 1 1 )
col 38: (1 0 0 1 1 1 1 0 )
col 39: (1 1 0 1 1 0 1 0 )
col 40: (0 0 1 1 1 1 0 1 )
col 41: (1 1 0 1 0 1 0 1 )
col 42: (1 1 1 0 1 1 0 0 )
col 43: (1 1 0 1 0 1 1 0 )
col 44: (1 1 1 1 1 0 0 0 )
col 45: (0 1 1 1 1 0 1 0 )
col 46: (0 1 1 1 0 1 0 1 )
col 47: (1 0 1 1 1 0 0 1 )
col 48: (1 1 0 1 1 1 0 0 )
col 49: (0 1 0 1 1 0 1 1 )
col 50: (0 1 1 1 0 1 1 0 )
col 51: (1 0 1 1 1 1 0 0 )
col 52: (1 0 1 0 1 0 1 1 )
col 53: (1 0 1 1 0 1 0 1 )
col 54: (1 1 1 0 1 0 0 1 )
col 55: (0 1 1 1 0 0 1 1 )
col 56: (1 1 0 0 1 1 0 1 )
col 57: (0 1 1 1 1 1 0 0 )
col 58: (1 0 1 0 1 1 1 0 )
col 59: (0 1 1 0 1 1 0 1 )
col 60: (1 0 1 1 0 1 1 0 )
col 61: (0 0 1 1 1 0 1 1 )
col 62: (1 0 0 1 1 0 1 1 )
col 63: (1 0 1 1 0 0 1 1 )
col 64: (1 1 0 0 1 0 1 1 )
col 65: (1 0 0 0 0 0 0 0 )
col 66: (0 1 0 0 0 0 0 0 )
col 67: (0 0 1 0 0 0 0 0 )
col 68: (0 0 0 1 0 0 0 0 )
col 69: (0 0 0 0 1 0 0 0 )
col 70: (0 0 0 0 0 1 0 0 )
col 71: (0 0 0 0 0 0 1 0 )
col 72: (0 0 0 0 0 0 0 1 )
133 7 81 28 193 11 69 137 176 70 44 146 200 104 208 37 67 140 196 76 138 41 13 98 21 74 38 145 185 47 93 242 103 236 143 158 203 121 91 188 171 55 107 31 94 174 157 59 218 110 61 213 173 151 206 179 62 117 182 109 220 217 205 211 1 2 4 8 16 32 64 128 



N72K64
-----------------------------------
Found @ iteration: 50 ; game = 1 
After 223.350 seconds
# Bad Cycles: 1315
# Set Bits:   272
# Max Row Weight: 39
col 1 : (1 0 1 0 0 0 0 1 )
col 2 : (1 1 1 0 0 0 0 0 )
col 3 : (1 0 0 0 1 0 1 0 )
col 4 : (0 0 1 1 1 0 0 0 )
col 5 : (1 0 0 0 0 0 1 1 )
col 6 : (1 1 0 1 0 0 0 0 )
col 7 : (1 0 1 0 0 0 1 0 )
col 8 : (1 0 0 1 0 0 0 1 )
col 9 : (0 0 0 0 1 1 0 1 )
col 10: (0 1 1 0 0 0 1 0 )
col 11: (0 0 1 1 0 1 0 0 )
col 12: (0 1 0 0 1 0 0 1 )
col 13: (0 0 0 1 0 0 1 1 )
col 14: (0 0 0 1 0 1 1 0 )
col 15: (0 0 0 0 1 0 1 1 )
col 16: (1 0 1 0 0 1 0 0 )
col 17: (1 1 0 0 0 0 1 0 )
col 18: (0 0 1 1 0 0 0 1 )
col 19: (0 0 1 0 0 0 1 1 )
col 20: (0 0 1 1 0 0 1 0 )
col 21: (0 1 0 1 0 0 0 1 )
col 22: (1 0 0 1 0 1 0 0 )
col 23: (1 0 1 1 0 0 0 0 )
col 24: (0 1 0 0 0 1 1 0 )
col 25: (1 0 1 0 1 0 0 0 )
col 26: (0 1 0 1 0 0 1 0 )
col 27: (0 1 1 0 0 1 0 0 )
col 28: (1 0 0 0 1 0 0 1 )
col 29: (1 0 0 1 1 1 0 1 )
col 30: (1 1 1 1 0 1 0 0 )
col 31: (1 0 1 1 1 0 1 0 )
col 32: (0 1 0 0 1 1 1 1 )
col 33: (1 1 1 0 0 1 1 0 )
col 34: (0 0 1 1 0 1 1 1 )
col 35: (1 1 1 1 0 0 0 1 )
col 36: (0 1 1 1 1 0 0 1 )
col 37: (1 1 0 1 0 0 1 1 )
col 38: (1 0 0 1 1 1 1 0 )
col 39: (1 1 0 1 1 0 1 0 )
col 40: (0 0 1 1 1 1 0 1 )
col 41: (1 1 0 1 0 1 0 1 )
col 42: (1 1 1 0 1 1 0 0 )
col 43: (1 1 0 1 0 1 1 0 )
col 44: (1 1 1 1 1 0 0 0 )
col 45: (0 1 1 1 1 0 1 0 )
col 46: (0 1 1 1 0 1 0 1 )
col 47: (1 0 1 1 1 0 0 1 )
col 48: (1 1 0 1 1 1 0 0 )
col 49: (0 1 0 1 1 0 1 1 )
col 50: (1 1 1 0 0 1 0 1 )
col 51: (1 0 1 0 1 1 1 0 )
col 52: (1 1 1 1 0 0 1 0 )
col 53: (1 0 1 1 0 1 0 1 )
col 54: (0 1 1 0 0 1 1 1 )
col 55: (1 0 1 0 1 1 0 1 )
col 56: (0 1 1 1 0 0 1 1 )
col 57: (1 0 1 1 1 1 0 0 )
col 58: (1 1 0 0 0 1 1 1 )
col 59: (1 0 1 0 1 0 1 1 )
col 60: (0 1 1 1 1 1 0 0 )
col 61: (1 1 0 1 1 0 0 1 )
col 62: (0 1 1 0 1 1 1 0 )
col 63: (1 0 1 1 0 1 1 0 )
col 64: (1 0 0 1 1 0 1 1 )
col 65: (1 0 0 0 0 0 0 0 )
col 66: (0 1 0 0 0 0 0 0 )
col 67: (0 0 1 0 0 0 0 0 )
col 68: (0 0 0 1 0 0 0 0 )
col 69: (0 0 0 0 1 0 0 0 )
col 70: (0 0 0 0 0 1 0 0 )
col 71: (0 0 0 0 0 0 1 0 )
col 72: (0 0 0 0 0 0 0 1 )
133 7 81 28 193 11 69 137 176 70 44 146 200 104 208 37 67 140 196 76 138 41 13 98 21 74 38 145 185 47 93 242 103 236 143 158 203 121 91 188 171 55 107 31 94 174 157 59 218 167 117 79 173 230 181 206 61 227 213 62 155 118 109 217 1 2 4 8 16 32 64 128 



N72K64
-----------------------------------
Found @ iteration: 52 ; game = 1 
After 232.129 seconds
# Bad Cycles: 1312
# Set Bits:   272
# Max Row Weight: 39
col 1 : (1 0 1 0 0 0 0 1 )
col 2 : (1 1 1 0 0 0 0 0 )
col 3 : (1 0 0 0 1 0 1 0 )
col 4 : (0 0 1 1 1 0 0 0 )
col 5 : (1 0 0 0 0 0 1 1 )
col 6 : (1 1 0 1 0 0 0 0 )
col 7 : (1 0 1 0 0 0 1 0 )
col 8 : (1 0 0 1 0 0 0 1 )
col 9 : (0 0 0 0 1 1 0 1 )
col 10: (0 1 1 0 0 0 1 0 )
col 11: (0 0 1 1 0 1 0 0 )
col 12: (0 1 0 0 1 0 0 1 )
col 13: (0 0 0 1 0 0 1 1 )
col 14: (0 0 0 1 0 1 1 0 )
col 15: (0 0 0 0 1 0 1 1 )
col 16: (1 0 1 0 0 1 0 0 )
col 17: (1 1 0 0 0 0 1 0 )
col 18: (0 0 1 1 0 0 0 1 )
col 19: (0 0 1 0 0 0 1 1 )
col 20: (0 0 1 1 0 0 1 0 )
col 21: (0 1 0 1 0 0 0 1 )
col 22: (1 0 0 1 0 1 0 0 )
col 23: (1 0 1 1 0 0 0 0 )
col 24: (0 1 0 0 0 1 1 0 )
col 25: (1 0 1 0 1 0 0 0 )
col 26: (0 1 0 1 0 0 1 0 )
col 27: (0 1 1 0 0 1 0 0 )
col 28: (1 0 0 0 1 0 0 1 )
col 29: (1 0 0 1 1 1 0 1 )
col 30: (1 1 1 1 0 1 0 0 )
col 31: (1 0 1 1 1 0 1 0 )
col 32: (0 1 0 0 1 1 1 1 )
col 33: (1 1 1 0 0 1 1 0 )
col 34: (0 0 1 1 0 1 1 1 )
col 35: (1 1 1 1 0 0 0 1 )
col 36: (0 1 1 1 1 0 0 1 )
col 37: (1 1 0 1 0 0 1 1 )
col 38: (1 0 0 1 1 1 1 0 )
col 39: (1 1 0 1 1 0 1 0 )
col 40: (0 0 1 1 1 1 0 1 )
col 41: (1 1 0 1 0 1 0 1 )
col 42: (1 1 1 0 1 1 0 0 )
col 43: (1 1 0 1 0 1 1 0 )
col 44: (1 1 1 1 1 0 0 0 )
col 45: (0 1 1 1 1 0 1 0 )
col 46: (0 1 1 1 0 1 0 1 )
col 47: (1 0 1 1 1 0 0 1 )
col 48: (1 1 0 1 1 1 0 0 )
col 49: (0 1 0 1 1 0 1 1 )
col 50: (1 1 1 0 0 1 0 1 )
col 51: (1 0 1 0 1 1 1 0 )
col 52: (0 1 1 1 0 1 1 0 )
col 53: (1 0 1 0 1 0 1 1 )
col 54: (0 0 0 1 1 1 1 1 )
col 55: (1 1 0 0 1 0 1 1 )
col 56: (1 1 1 0 0 0 1 1 )
col 57: (1 0 1 1 1 1 0 0 )
col 58: (1 0 0 1 0 1 1 1 )
col 59: (1 0 1 1 0 1 1 0 )
col 60: (1 1 0 0 0 1 1 1 )
col 61: (1 0 1 1 0 0 1 1 )
col 62: (0 0 1 1 1 1 1 0 )
col 63: (0 1 1 0 0 1 1 1 )
col 64: (1 0 0 1 1 0 1 1 )
col 65: (1 0 0 0 0 0 0 0 )
col 66: (0 1 0 0 0 0 0 0 )
col 67: (0 0 1 0 0 0 0 0 )
col 68: (0 0 0 1 0 0 0 0 )
col 69: (0 0 0 0 1 0 0 0 )
col 70: (0 0 0 0 0 1 0 0 )
col 71: (0 0 0 0 0 0 1 0 )
col 72: (0 0 0 0 0 0 0 1 )
133 7 81 28 193 11 69 137 176 70 44 146 200 104 208 37 67 140 196 76 138 41 13 98 21 74 38 145 185 47 93 242 103 236 143 158 203 121 91 188 171 55 107 31 94 174 157 59 218 167 117 110 213 248 211 199 61 233 109 227 205 124 230 217 1 2 4 8 16 32 64 128 



N72K64
-----------------------------------
Found @ iteration: 54 ; game = 1 
After 243.008 seconds
# Bad Cycles: 1304
# Set Bits:   272
# Max Row Weight: 41
col 1 : (1 0 1 0 0 0 0 1 )
col 2 : (1 1 1 0 0 0 0 0 )
col 3 : (1 0 0 0 1 0 1 0 )
col 4 : (0 0 1 1 1 0 0 0 )
col 5 : (1 0 0 0 0 0 1 1 )
col 6 : (1 1 0 1 0 0 0 0 )
col 7 : (1 0 1 0 0 0 1 0 )
col 8 : (1 0 0 1 0 0 0 1 )
col 9 : (0 0 0 0 1 1 0 1 )
col 10: (0 1 1 0 0 0 1 0 )
col 11: (0 0 1 1 0 1 0 0 )
col 12: (0 1 0 0 1 0 0 1 )
col 13: (0 0 0 1 0 0 1 1 )
col 14: (0 0 0 1 0 1 1 0 )
col 15: (0 0 0 0 1 0 1 1 )
col 16: (1 0 1 0 0 1 0 0 )
col 17: (1 1 0 0 0 0 1 0 )
col 18: (0 0 1 1 0 0 0 1 )
col 19: (0 0 1 0 0 0 1 1 )
col 20: (0 0 1 1 0 0 1 0 )
col 21: (0 1 0 1 0 0 0 1 )
col 22: (1 0 0 1 0 1 0 0 )
col 23: (1 0 1 1 0 0 0 0 )
col 24: (0 1 0 0 0 1 1 0 )
col 25: (1 0 1 0 1 0 0 0 )
col 26: (0 1 0 1 0 0 1 0 )
col 27: (0 1 1 0 0 1 0 0 )
col 28: (1 0 0 0 1 0 0 1 )
col 29: (1 0 0 1 1 1 0 1 )
col 30: (1 1 1 1 0 1 0 0 )
col 31: (1 0 1 1 1 0 1 0 )
col 32: (0 1 0 0 1 1 1 1 )
col 33: (1 1 1 0 0 1 1 0 )
col 34: (0 0 1 1 0 1 1 1 )
col 35: (1 1 1 1 0 0 0 1 )
col 36: (0 1 1 1 1 0 0 1 )
col 37: (1 1 0 1 0 0 1 1 )
col 38: (1 0 0 1 1 1 1 0 )
col 39: (1 1 0 1 1 0 1 0 )
col 40: (0 0 1 1 1 1 0 1 )
col 41: (1 1 0 1 0 1 0 1 )
col 42: (1 1 1 0 1 1 0 0 )
col 43: (1 1 0 1 0 1 1 0 )
col 44: (1 1 1 1 1 0 0 0 )
col 45: (0 1 1 1 1 0 1 0 )
col 46: (0 1 1 1 0 1 0 1 )
col 47: (1 0 1 1 1 0 0 1 )
col 48: (1 1 0 1 1 1 0 0 )
col 49: (0 1 0 1 1 0 1 1 )
col 50: (1 1 1 0 0 1 0 1 )
col 51: (1 0 1 0 1 1 1 0 )
col 52: (0 1 1 1 0 1 1 0 )
col 53: (1 0 1 0 1 0 1 1 )
col 54: (0 0 1 1 1 0 1 1 )
col 55: (0 1 1 1 0 0 1 1 )
col 56: (1 0 1 1 1 1 0 0 )
col 57: (1 0 0 1 1 0 1 1 )
col 58: (0 1 1 0 0 1 1 1 )
col 59: (0 1 1 1 1 1 0 0 )
col 60: (1 0 1 1 0 1 1 0 )
col 61: (1 1 1 0 1 0 1 0 )
col 62: (0 0 1 1 1 1 1 0 )
col 63: (1 0 1 1 0 1 0 1 )
col 64: (1 1 0 1 1 0 0 1 )
col 65: (1 0 0 0 0 0 0 0 )
col 66: (0 1 0 0 0 0 0 0 )
col 67: (0 0 1 0 0 0 0 0 )
col 68: (0 0 0 1 0 0 0 0 )
col 69: (0 0 0 0 1 0 0 0 )
col 70: (0 0 0 0 0 1 0 0 )
col 71: (0 0 0 0 0 0 1 0 )
col 72: (0 0 0 0 0 0 0 1 )
133 7 81 28 193 11 69 137 176 70 44 146 200 104 208 37 67 140 196 76 138 41 13 98 21 74 38 145 185 47 93 242 103 236 143 158 203 121 91 188 171 55 107 31 94 174 157 59 218 167 117 110 213 220 206 61 217 230 62 109 87 124 173 155 1 2 4 8 16 32 64 128 



N72K64
-----------------------------------
Found @ iteration: 55 ; game = 1 
After 249.526 seconds
# Bad Cycles: 1303
# Set Bits:   272
# Max Row Weight: 39
col 1 : (1 0 1 0 0 0 0 1 )
col 2 : (1 1 1 0 0 0 0 0 )
col 3 : (1 0 0 0 1 0 1 0 )
col 4 : (0 0 1 1 1 0 0 0 )
col 5 : (1 0 0 0 0 0 1 1 )
col 6 : (1 1 0 1 0 0 0 0 )
col 7 : (1 0 1 0 0 0 1 0 )
col 8 : (1 0 0 1 0 0 0 1 )
col 9 : (0 0 0 0 1 1 0 1 )
col 10: (0 1 1 0 0 0 1 0 )
col 11: (0 0 1 1 0 1 0 0 )
col 12: (0 1 0 0 1 0 0 1 )
col 13: (0 0 0 1 0 0 1 1 )
col 14: (0 0 0 1 0 1 1 0 )
col 15: (0 0 0 0 1 0 1 1 )
col 16: (1 0 1 0 0 1 0 0 )
col 17: (1 1 0 0 0 0 1 0 )
col 18: (0 0 1 1 0 0 0 1 )
col 19: (0 0 1 0 0 0 1 1 )
col 20: (0 0 1 1 0 0 1 0 )
col 21: (0 1 0 1 0 0 0 1 )
col 22: (1 0 0 1 0 1 0 0 )
col 23: (1 0 1 1 0 0 0 0 )
col 24: (0 1 0 0 0 1 1 0 )
col 25: (1 0 1 0 1 0 0 0 )
col 26: (0 1 0 1 0 0 1 0 )
col 27: (0 1 1 0 0 1 0 0 )
col 28: (1 0 0 0 1 0 0 1 )
col 29: (1 0 0 1 1 1 0 1 )
col 30: (1 1 1 1 0 1 0 0 )
col 31: (1 0 1 1 1 0 1 0 )
col 32: (0 1 0 0 1 1 1 1 )
col 33: (1 1 1 0 0 1 1 0 )
col 34: (0 0 1 1 0 1 1 1 )
col 35: (1 1 1 1 0 0 0 1 )
col 36: (0 1 1 1 1 0 0 1 )
col 37: (1 1 0 1 0 0 1 1 )
col 38: (1 0 0 1 1 1 1 0 )
col 39: (1 1 0 1 1 0 1 0 )
col 40: (0 0 1 1 1 1 0 1 )
col 41: (1 1 0 1 0 1 0 1 )
col 42: (1 1 1 0 1 1 0 0 )
col 43: (1 1 0 1 0 1 1 0 )
col 44: (1 1 1 1 1 0 0 0 )
col 45: (0 1 1 1 1 0 1 0 )
col 46: (0 1 1 1 0 1 0 1 )
col 47: (1 0 1 1 1 0 0 1 )
col 48: (1 1 0 1 1 1 0 0 )
col 49: (0 1 0 1 1 0 1 1 )
col 50: (1 1 1 0 0 1 0 1 )
col 51: (1 0 1 0 1 1 1 0 )
col 52: (0 1 1 1 0 1 1 0 )
col 53: (1 0 1 0 1 0 1 1 )
col 54: (0 0 1 1 1 0 1 1 )
col 55: (1 1 1 1 0 0 1 0 )
col 56: (1 1 1 0 1 0 0 1 )
col 57: (1 0 1 1 1 1 0 0 )
col 58: (0 1 1 0 1 0 1 1 )
col 59: (0 1 1 1 1 1 0 0 )
col 60: (0 0 1 1 1 1 1 0 )
col 61: (1 0 0 1 1 0 1 1 )
col 62: (1 1 0 0 0 1 1 1 )
col 63: (1 1 0 1 1 0 0 1 )
col 64: (1 0 1 0 0 1 1 1 )
col 65: (1 0 0 0 0 0 0 0 )
col 66: (0 1 0 0 0 0 0 0 )
col 67: (0 0 1 0 0 0 0 0 )
col 68: (0 0 0 1 0 0 0 0 )
col 69: (0 0 0 0 1 0 0 0 )
col 70: (0 0 0 0 0 1 0 0 )
col 71: (0 0 0 0 0 0 1 0 )
col 72: (0 0 0 0 0 0 0 1 )
133 7 81 28 193 11 69 137 176 70 44 146 200 104 208 37 67 140 196 76 138 41 13 98 21 74 38 145 185 47 93 242 103 236 143 158 203 121 91 188 171 55 107 31 94 174 157 59 218 167 117 110 213 220 79 151 61 214 62 124 217 227 155 229 1 2 4 8 16 32 64 128 



N72K64
-----------------------------------
Found @ iteration: 57 ; game = 1 
After 259.704 seconds
# Bad Cycles: 1299
# Set Bits:   272
# Max Row Weight: 40
col 1 : (1 0 1 0 0 0 0 1 )
col 2 : (1 1 1 0 0 0 0 0 )
col 3 : (1 0 0 0 1 0 1 0 )
col 4 : (0 0 1 1 1 0 0 0 )
col 5 : (1 0 0 0 0 0 1 1 )
col 6 : (1 1 0 1 0 0 0 0 )
col 7 : (1 0 1 0 0 0 1 0 )
col 8 : (1 0 0 1 0 0 0 1 )
col 9 : (0 0 0 0 1 1 0 1 )
col 10: (0 1 1 0 0 0 1 0 )
col 11: (0 0 1 1 0 1 0 0 )
col 12: (0 1 0 0 1 0 0 1 )
col 13: (0 0 0 1 0 0 1 1 )
col 14: (0 0 0 1 0 1 1 0 )
col 15: (0 0 0 0 1 0 1 1 )
col 16: (1 0 1 0 0 1 0 0 )
col 17: (1 1 0 0 0 0 1 0 )
col 18: (0 0 1 1 0 0 0 1 )
col 19: (0 0 1 0 0 0 1 1 )
col 20: (0 0 1 1 0 0 1 0 )
col 21: (0 1 0 1 0 0 0 1 )
col 22: (1 0 0 1 0 1 0 0 )
col 23: (1 0 1 1 0 0 0 0 )
col 24: (0 1 0 0 0 1 1 0 )
col 25: (1 0 1 0 1 0 0 0 )
col 26: (0 1 0 1 0 0 1 0 )
col 27: (0 1 1 0 0 1 0 0 )
col 28: (1 0 0 0 1 0 0 1 )
col 29: (1 0 0 1 1 1 0 1 )
col 30: (1 1 1 1 0 1 0 0 )
col 31: (1 0 1 1 1 0 1 0 )
col 32: (0 1 0 0 1 1 1 1 )
col 33: (1 1 1 0 0 1 1 0 )
col 34: (0 0 1 1 0 1 1 1 )
col 35: (1 1 1 1 0 0 0 1 )
col 36: (0 1 1 1 1 0 0 1 )
col 37: (1 1 0 1 0 0 1 1 )
col 38: (1 0 0 1 1 1 1 0 )
col 39: (1 1 0 1 1 0 1 0 )
col 40: (0 0 1 1 1 1 0 1 )
col 41: (1 1 0 1 0 1 0 1 )
col 42: (1 1 1 0 1 1 0 0 )
col 43: (1 1 0 1 0 1 1 0 )
col 44: (1 1 1 1 1 0 0 0 )
col 45: (0 1 1 1 1 0 1 0 )
col 46: (0 1 1 1 0 1 0 1 )
col 47: (1 0 1 1 1 0 0 1 )
col 48: (1 1 0 1 1 1 0 0 )
col 49: (0 1 0 1 1 0 1 1 )
col 50: (1 1 1 0 0 1 0 1 )
col 51: (1 0 1 0 1 1 1 0 )
col 52: (0 1 1 1 0 1 1 0 )
col 53: (1 0 1 0 1 0 1 1 )
col 54: (0 0 1 1 1 0 1 1 )
col 55: (1 1 1 1 0 0 1 0 )
col 56: (1 1 1 0 1 0 0 1 )
col 57: (1 1 0 0 1 0 1 1 )
col 58: (0 1 1 1 0 0 1 1 )
col 59: (1 0 1 1 1 1 0 0 )
col 60: (0 0 0 1 1 1 1 1 )
col 61: (0 0 1 1 1 1 1 0 )
col 62: (1 1 1 0 1 0 1 0 )
col 63: (1 0 1 1 0 1 1 0 )
col 64: (0 1 1 1 1 1 0 0 )
col 65: (1 0 0 0 0 0 0 0 )
col 66: (0 1 0 0 0 0 0 0 )
col 67: (0 0 1 0 0 0 0 0 )
col 68: (0 0 0 1 0 0 0 0 )
col 69: (0 0 0 0 1 0 0 0 )
col 70: (0 0 0 0 0 1 0 0 )
col 71: (0 0 0 0 0 0 1 0 )
col 72: (0 0 0 0 0 0 0 1 )
133 7 81 28 193 11 69 137 176 70 44 146 200 104 208 37 67 140 196 76 138 41 13 98 21 74 38 145 185 47 93 242 103 236 143 158 203 121 91 188 171 55 107 31 94 174 157 59 218 167 117 110 213 220 79 151 211 206 61 248 124 87 109 62 1 2 4 8 16 32 64 128 



N72K64
-----------------------------------
Found @ iteration: 58 ; game = 1 
After 264.030 seconds
# Bad Cycles: 1295
# Set Bits:   272
# Max Row Weight: 39
col 1 : (1 0 1 0 0 0 0 1 )
col 2 : (1 1 1 0 0 0 0 0 )
col 3 : (1 0 0 0 1 0 1 0 )
col 4 : (0 0 1 1 1 0 0 0 )
col 5 : (1 0 0 0 0 0 1 1 )
col 6 : (1 1 0 1 0 0 0 0 )
col 7 : (1 0 1 0 0 0 1 0 )
col 8 : (1 0 0 1 0 0 0 1 )
col 9 : (0 0 0 0 1 1 0 1 )
col 10: (0 1 1 0 0 0 1 0 )
col 11: (0 0 1 1 0 1 0 0 )
col 12: (0 1 0 0 1 0 0 1 )
col 13: (0 0 0 1 0 0 1 1 )
col 14: (0 0 0 1 0 1 1 0 )
col 15: (0 0 0 0 1 0 1 1 )
col 16: (1 0 1 0 0 1 0 0 )
col 17: (1 1 0 0 0 0 1 0 )
col 18: (0 0 1 1 0 0 0 1 )
col 19: (0 0 1 0 0 0 1 1 )
col 20: (0 0 1 1 0 0 1 0 )
col 21: (0 1 0 1 0 0 0 1 )
col 22: (1 0 0 1 0 1 0 0 )
col 23: (1 0 1 1 0 0 0 0 )
col 24: (0 1 0 0 0 1 1 0 )
col 25: (1 0 1 0 1 0 0 0 )
col 26: (0 1 0 1 0 0 1 0 )
col 27: (0 1 1 0 0 1 0 0 )
col 28: (1 0 0 0 1 0 0 1 )
col 29: (1 0 0 1 1 1 0 1 )
col 30: (1 1 1 1 0 1 0 0 )
col 31: (1 0 1 1 1 0 1 0 )
col 32: (0 1 0 0 1 1 1 1 )
col 33: (1 1 1 0 0 1 1 0 )
col 34: (0 0 1 1 0 1 1 1 )
col 35: (1 1 1 1 0 0 0 1 )
col 36: (0 1 1 1 1 0 0 1 )
col 37: (1 1 0 1 0 0 1 1 )
col 38: (1 0 0 1 1 1 1 0 )
col 39: (1 1 0 1 1 0 1 0 )
col 40: (0 0 1 1 1 1 0 1 )
col 41: (1 1 0 1 0 1 0 1 )
col 42: (1 1 1 0 1 1 0 0 )
col 43: (1 1 0 1 0 1 1 0 )
col 44: (1 1 1 1 1 0 0 0 )
col 45: (0 1 1 1 1 0 1 0 )
col 46: (0 1 1 1 0 1 0 1 )
col 47: (1 0 1 1 1 0 0 1 )
col 48: (1 1 0 1 1 1 0 0 )
col 49: (0 1 0 1 1 0 1 1 )
col 50: (1 1 1 0 0 1 0 1 )
col 51: (1 0 1 0 1 1 1 0 )
col 52: (0 1 1 1 0 1 1 0 )
col 53: (1 0 1 0 1 0 1 1 )
col 54: (0 0 1 1 1 0 1 1 )
col 55: (1 1 1 1 0 0 1 0 )
col 56: (1 1 1 0 1 0 0 1 )
col 57: (1 1 0 0 1 0 1 1 )
col 58: (1 0 1 0 0 1 1 1 )
col 59: (1 1 0 1 1 0 0 1 )
col 60: (0 1 1 1 1 1 0 0 )
col 61: (1 1 1 0 0 0 1 1 )
col 62: (0 1 1 0 1 1 0 1 )
col 63: (0 1 1 1 0 0 1 1 )
col 64: (1 0 1 0 1 1 0 1 )
col 65: (1 0 0 0 0 0 0 0 )
col 66: (0 1 0 0 0 0 0 0 )
col 67: (0 0 1 0 0 0 0 0 )
col 68: (0 0 0 1 0 0 0 0 )
col 69: (0 0 0 0 1 0 0 0 )
col 70: (0 0 0 0 0 1 0 0 )
col 71: (0 0 0 0 0 0 1 0 )
col 72: (0 0 0 0 0 0 0 1 )
133 7 81 28 193 11 69 137 176 70 44 146 200 104 208 37 67 140 196 76 138 41 13 98 21 74 38 145 185 47 93 242 103 236 143 158 203 121 91 188 171 55 107 31 94 174 157 59 218 167 117 110 213 220 79 151 211 229 155 62 199 182 206 181 1 2 4 8 16 32 64 128 



=====================
Execution time: 273.589 seconds
