
N41K32 Jun
-----------------------------------
Found at iteration: 1 ; game = 1 
# Set Bits:   121 < 125
col 1 : (0 0 0 1 1 1 0 0 0 )
col 2 : (1 1 1 0 0 1 0 0 0 )
col 3 : (1 1 0 0 0 0 1 0 0 )
col 4 : (1 0 1 0 0 1 1 0 0 )
col 5 : (0 1 1 0 0 0 1 0 0 )
col 6 : (0 0 1 1 1 0 1 0 0 )
col 7 : (0 1 0 0 0 1 1 0 0 )
col 8 : (1 1 0 0 1 1 0 0 0 )
col 9 : (0 1 1 1 0 0 0 0 0 )
col 10: (1 1 0 1 0 1 0 0 0 )
col 11: (1 1 0 0 0 0 0 1 0 )
col 12: (1 1 1 0 1 0 0 0 0 )
col 13: (0 1 0 1 0 0 1 0 0 )
col 14: (1 0 1 1 0 1 0 0 0 )
col 15: (0 0 1 0 1 1 0 0 0 )
col 16: (1 1 0 1 1 0 0 0 0 )
col 17: (1 0 1 0 0 0 0 1 0 )
col 18: (1 0 1 1 1 0 0 0 0 )
col 19: (1 0 0 0 0 0 1 1 0 )
col 20: (0 1 1 0 1 0 0 1 0 )
col 21: (0 1 0 1 0 0 0 1 0 )
col 22: (1 0 1 0 1 0 1 0 0 )
col 23: (0 0 1 1 0 0 0 1 0 )
col 24: (1 0 0 1 1 0 1 0 0 )
col 25: (1 0 0 1 0 0 0 1 0 )
col 26: (1 0 0 1 0 1 1 0 0 )
col 27: (0 0 0 1 0 0 0 1 1 )
col 28: (1 0 0 0 1 1 0 0 1 )
col 29: (0 0 1 0 0 1 0 0 1 )
col 30: (0 1 0 0 1 1 0 0 1 )
col 31: (0 0 1 0 0 0 0 1 1 )
col 32: (0 0 1 1 0 0 1 0 1 )
col 33: (1 0 0 0 0 0 0 0 0 )
col 34: (0 1 0 0 0 0 0 0 0 )
col 35: (0 0 1 0 0 0 0 0 0 )
col 36: (0 0 0 1 0 0 0 0 0 )
col 37: (0 0 0 0 1 0 0 0 0 )
col 38: (0 0 0 0 0 1 0 0 0 )
col 39: (0 0 0 0 0 0 1 0 0 )
col 40: (0 0 0 0 0 0 0 1 0 )
col 41: (0 0 0 0 0 0 0 0 1 )
Matrix as numbers: 56 39 67 101 70 92 98 51 14 43 131 23 74 45 52 27 133 29 193 150 138 85 140 89 137 105 392 305 292 306 388 332 1 2 4 8 16 32 64 128 256 

N75K64 Jun
-----------------------------------
Found at iteration: 1 ; game = 1 
# Set Bits:   235
col 1 : (0 0 0 0 1 1 1 0 0 0 0 )
col 2 : (0 0 1 1 0 1 0 1 0 0 0 )
col 3 : (1 0 1 0 0 0 0 1 0 0 0 )
col 4 : (1 0 0 1 0 1 0 1 0 0 0 )
col 5 : (0 1 0 1 0 0 0 1 0 0 0 )
col 6 : (1 1 1 0 0 0 1 0 0 0 0 )
col 7 : (1 1 0 0 0 0 0 0 1 0 0 )
col 8 : (0 1 0 1 1 1 0 0 0 0 0 )
col 9 : (1 0 1 0 1 0 0 0 0 0 0 )
col 10: (1 1 0 1 1 0 0 0 0 0 0 )
col 11: (1 0 0 1 0 0 1 0 0 0 0 )
col 12: (1 1 0 0 1 0 1 0 0 0 0 )
col 13: (0 0 1 1 1 0 0 0 0 0 0 )
col 14: (0 1 1 0 1 0 1 0 0 0 0 )
col 15: (0 0 1 0 0 1 1 0 0 0 0 )
col 16: (1 1 0 0 0 1 1 0 0 0 0 )
col 17: (0 0 1 0 1 1 0 0 0 0 0 )
col 18: (1 1 0 1 0 1 0 0 0 0 0 )
col 19: (0 1 0 0 0 1 0 1 0 0 0 )
col 20: (0 1 1 1 0 1 0 0 0 0 0 )
col 21: (0 0 0 1 1 0 1 0 0 0 0 )
col 22: (1 0 0 1 1 0 0 0 1 0 0 )
col 23: (1 0 0 0 1 1 0 0 0 0 0 )
col 24: (1 0 1 1 0 0 0 0 1 0 0 )
col 25: (0 0 1 0 0 0 1 1 0 0 0 )
col 26: (0 1 0 1 0 1 1 0 0 0 0 )
col 27: (0 0 1 0 1 0 0 1 0 0 0 )
col 28: (0 0 0 1 0 1 1 1 0 0 0 )
col 29: (0 0 1 0 0 0 0 1 1 0 0 )
col 30: (1 0 1 0 0 1 0 0 1 0 0 )
col 31: (0 0 0 0 1 0 0 1 1 0 0 )
col 32: (0 0 1 1 0 0 1 0 0 1 0 )
col 33: (1 0 0 0 0 0 0 1 1 0 0 )
col 34: (1 0 0 1 0 1 0 0 1 0 0 )
col 35: (0 1 1 0 0 0 0 1 0 0 0 )
col 36: (0 0 0 1 1 1 0 1 0 0 0 )
col 37: (0 1 1 0 0 0 0 0 1 0 0 )
col 38: (0 0 1 1 0 1 0 0 1 0 0 )
col 39: (0 1 0 1 0 0 0 0 1 0 0 )
col 40: (0 0 1 1 0 0 1 0 1 0 0 )
col 41: (0 1 0 0 1 0 0 0 1 0 0 )
col 42: (1 0 0 0 1 0 1 0 1 0 0 )
col 43: (0 1 0 0 0 1 0 0 1 0 0 )
col 44: (1 1 1 0 0 0 0 0 0 1 0 )
col 45: (0 1 0 0 0 0 1 0 1 0 0 )
col 46: (0 0 0 1 1 1 0 0 1 0 0 )
col 47: (0 1 0 0 0 0 0 1 1 0 0 )
col 48: (1 0 0 0 0 1 1 0 1 0 0 )
col 49: (1 0 0 1 0 0 0 0 0 1 0 )
col 50: (0 0 0 1 0 1 1 0 1 0 0 )
col 51: (0 1 0 1 0 0 0 0 0 1 0 )
col 52: (1 1 0 0 1 0 0 0 0 1 0 )
col 53: (0 0 0 0 0 0 1 1 1 0 0 )
col 54: (1 1 0 0 0 1 0 0 0 1 0 )
col 55: (0 0 0 1 1 0 0 0 0 1 0 )
col 56: (1 0 1 0 0 1 0 0 0 1 0 )
col 57: (0 1 0 0 0 0 1 0 0 1 0 )
col 58: (1 0 0 0 1 0 0 1 0 1 0 )
col 59: (0 0 0 1 0 0 0 0 1 1 0 )
col 60: (1 0 1 0 0 0 1 0 0 0 1 )
col 61: (0 0 0 1 0 0 1 0 0 0 1 )
col 62: (0 0 1 1 0 0 0 0 0 1 1 )
col 63: (0 0 0 0 1 0 0 1 0 0 1 )
col 64: (1 0 0 0 0 1 0 0 1 0 1 )
col 65: (1 0 0 0 0 0 0 0 0 0 0 )
col 66: (0 1 0 0 0 0 0 0 0 0 0 )
col 67: (0 0 1 0 0 0 0 0 0 0 0 )
col 68: (0 0 0 1 0 0 0 0 0 0 0 )
col 69: (0 0 0 0 1 0 0 0 0 0 0 )
col 70: (0 0 0 0 0 1 0 0 0 0 0 )
col 71: (0 0 0 0 0 0 1 0 0 0 0 )
col 72: (0 0 0 0 0 0 0 1 0 0 0 )
col 73: (0 0 0 0 0 0 0 0 1 0 0 )
col 74: (0 0 0 0 0 0 0 0 0 1 0 )
col 75: (0 0 0 0 0 0 0 0 0 0 1 )
Matrix as numbers: 112 172 133 169 138 71 259 58 21 27 73 83 28 86 100 99 52 43 162 46 88 281 49 269 196 106 148 232 388 293 400 588 385 297 134 184 262 300 266 332 274 337 290 519 322 312 386 353 521 360 522 531 448 547 536 549 578 657 776 1093 1096 1548 1168 1313 1 2 4 8 16 32 64 128 256 512 1024 



N141K128 Jun
-----------------------------------
Found at iteration: 1 ; game = 1 
# Set Bits:   461
col 1 : (0 0 1 1 1 0 0 0 0 0 0 0 0 )
col 2 : (1 1 0 1 0 1 0 0 0 0 0 0 0 )
col 3 : (1 0 1 0 0 1 0 0 0 0 0 0 0 )
col 4 : (0 1 1 1 0 1 0 0 0 0 0 0 0 )
col 5 : (1 0 0 0 1 1 0 0 0 0 0 0 0 )
col 6 : (1 1 0 1 0 0 1 0 0 0 0 0 0 )
col 7 : (0 0 1 0 1 1 0 0 0 0 0 0 0 )
col 8 : (1 0 1 1 0 0 1 0 0 0 0 0 0 )
col 9 : (0 0 1 0 1 0 1 0 0 0 0 0 0 )
col 10: (0 1 0 1 1 1 0 0 0 0 0 0 0 )
col 11: (0 1 1 0 0 0 1 0 0 0 0 0 0 )
col 12: (0 1 0 1 0 1 1 0 0 0 0 0 0 )
col 13: (0 1 0 0 1 0 1 0 0 0 0 0 0 )
col 14: (0 0 1 1 0 1 1 0 0 0 0 0 0 )
col 15: (1 1 0 0 0 0 0 1 0 0 0 0 0 )
col 16: (1 0 0 1 1 0 1 0 0 0 0 0 0 )
col 17: (1 0 1 0 0 0 0 1 0 0 0 0 0 )
col 18: (0 1 1 0 1 0 0 1 0 0 0 0 0 )
col 19: (1 0 0 0 1 0 0 1 0 0 0 0 0 )
col 20: (1 1 1 1 0 0 0 0 0 0 0 0 0 )
col 21: (1 0 0 1 0 0 0 1 0 0 0 0 0 )
col 22: (1 1 0 1 1 0 0 0 0 0 0 0 0 )
col 23: (1 0 0 0 0 1 0 1 0 0 0 0 0 )
col 24: (1 1 1 0 1 0 0 0 0 0 0 0 0 )
col 25: (1 0 0 0 0 1 1 0 0 0 0 0 0 )
col 26: (0 1 0 1 1 0 0 1 0 0 0 0 0 )
col 27: (0 0 0 0 1 1 0 1 0 0 0 0 0 )
col 28: (0 0 0 1 1 1 1 0 0 0 0 0 0 )
col 29: (1 0 0 0 0 0 1 1 0 0 0 0 0 )
col 30: (0 1 1 1 0 0 0 1 0 0 0 0 0 )
col 31: (1 1 0 0 0 0 0 0 1 0 0 0 0 )
col 32: (0 1 0 1 0 1 0 1 0 0 0 0 0 )
col 33: (0 0 0 0 0 1 1 1 0 0 0 0 0 )
col 34: (1 0 1 1 0 0 0 0 1 0 0 0 0 )
col 35: (0 1 0 0 0 1 0 0 1 0 0 0 0 )
col 36: (0 1 0 1 0 0 1 1 0 0 0 0 0 )
col 37: (0 1 1 0 0 0 0 0 1 0 0 0 0 )
col 38: (0 0 1 1 0 0 1 1 0 0 0 0 0 )
col 39: (0 0 1 0 0 1 0 1 0 0 0 0 0 )
col 40: (1 0 1 0 1 0 0 0 1 0 0 0 0 )
col 41: (0 1 0 0 0 0 1 0 1 0 0 0 0 )
col 42: (0 0 0 1 1 0 1 1 0 0 0 0 0 )
col 43: (0 1 0 1 0 0 0 0 1 0 0 0 0 )
col 44: (1 0 0 1 0 1 0 0 1 0 0 0 0 )
col 45: (0 1 0 0 1 0 0 0 1 0 0 0 0 )
col 46: (1 0 0 1 0 0 1 0 1 0 0 0 0 )
col 47: (0 0 1 0 0 0 1 0 1 0 0 0 0 )
col 48: (1 0 0 1 1 0 0 0 1 0 0 0 0 )
col 49: (0 0 0 0 1 0 1 0 1 0 0 0 0 )
col 50: (0 0 1 0 1 0 0 1 1 0 0 0 0 )
col 51: (1 0 0 0 0 0 0 1 1 0 0 0 0 )
col 52: (0 0 1 1 0 1 0 0 1 0 0 0 0 )
col 53: (0 1 0 0 0 0 0 1 1 0 0 0 0 )
col 54: (0 0 0 1 0 1 1 0 1 0 0 0 0 )
col 55: (1 1 0 0 0 0 0 0 0 1 0 0 0 )
col 56: (0 0 0 1 1 1 0 0 1 0 0 0 0 )
col 57: (1 0 1 0 0 0 0 0 0 1 0 0 0 )
col 58: (0 0 1 1 0 0 0 1 1 0 0 0 0 )
col 59: (0 1 1 0 0 0 0 0 0 1 0 0 0 )
col 60: (0 0 0 1 1 0 0 1 1 0 0 0 0 )
col 61: (1 0 0 0 0 1 0 0 0 1 0 0 0 )
col 62: (0 0 0 1 0 0 1 1 1 0 0 0 0 )
col 63: (0 1 0 0 0 1 0 0 0 1 0 0 0 )
col 64: (0 0 0 1 1 1 0 0 0 1 0 0 0 )
col 65: (0 0 0 0 0 1 1 0 0 1 0 0 0 )
col 66: (0 0 0 1 0 1 0 1 1 0 0 0 0 )
col 67: (0 0 1 0 0 0 1 0 0 1 0 0 0 )
col 68: (0 0 0 1 0 0 1 1 0 1 0 0 0 )
col 69: (0 1 0 0 0 0 1 0 0 1 0 0 0 )
col 70: (0 0 0 1 1 0 0 0 1 1 0 0 0 )
col 71: (0 0 0 0 1 0 1 0 0 1 0 0 0 )
col 72: (0 0 0 1 0 0 0 1 1 1 0 0 0 )
col 73: (1 0 0 0 0 0 0 1 0 1 0 0 0 )
col 74: (1 1 1 0 0 0 0 0 0 0 1 0 0 )
col 75: (0 0 1 0 0 0 0 1 0 1 0 0 0 )
col 76: (0 0 1 1 0 1 0 0 0 1 0 0 0 )
col 77: (0 1 0 0 0 0 0 0 1 1 0 0 0 )
col 78: (1 0 0 1 0 0 1 0 0 1 0 0 0 )
col 79: (0 0 0 0 0 1 0 1 0 1 0 0 0 )
col 80: (1 1 0 1 0 0 0 0 0 0 1 0 0 )
col 81: (0 0 0 0 0 1 0 0 1 1 0 0 0 )
col 82: (1 0 1 1 0 0 0 0 0 0 1 0 0 )
col 83: (0 0 0 0 0 0 1 0 1 1 0 0 0 )
col 84: (0 1 1 1 0 0 0 0 0 0 1 0 0 )
col 85: (0 0 0 1 1 0 0 0 0 0 1 0 0 )
col 86: (0 1 0 1 0 1 0 0 0 0 1 0 0 )
col 87: (1 0 0 0 0 0 0 1 0 0 1 0 0 )
col 88: (0 1 0 0 1 1 0 0 0 0 1 0 0 )
col 89: (0 0 1 0 1 0 0 0 0 0 1 0 0 )
col 90: (1 0 0 0 1 0 1 0 0 0 1 0 0 )
col 91: (1 0 0 0 0 1 0 0 0 0 1 0 0 )
col 92: (0 0 0 0 1 1 1 0 0 0 1 0 0 )
col 93: (0 0 0 0 0 1 0 1 0 0 1 0 0 )
col 94: (1 0 1 0 0 0 0 0 1 0 1 0 0 )
col 95: (0 1 0 0 0 0 1 0 0 0 1 0 0 )
col 96: (0 0 1 1 0 0 0 1 0 0 1 0 0 )
col 97: (0 1 0 0 0 0 0 0 1 0 1 0 0 )
col 98: (1 1 0 0 1 0 0 0 0 0 1 0 0 )
col 99: (0 0 0 0 0 0 1 0 1 0 1 0 0 )
col 100: (0 0 0 1 0 1 1 0 0 0 1 0 0 )
col 101: (0 0 0 0 0 0 1 0 0 1 1 0 0 )
col 102: (1 0 0 1 0 0 1 0 0 0 1 0 0 )
col 103: (0 0 0 0 0 0 0 1 0 1 1 0 0 )
col 104: (0 1 0 1 0 0 0 1 0 0 1 0 0 )
col 105: (1 1 0 0 0 0 0 0 0 0 0 1 0 )
col 106: (0 1 0 0 1 0 0 1 0 0 1 0 0 )
col 107: (1 0 1 0 0 0 0 0 0 0 0 1 0 )
col 108: (0 0 0 1 0 0 1 1 0 0 1 0 0 )
col 109: (0 1 1 0 0 0 0 0 0 0 0 1 0 )
col 110: (1 0 0 1 0 0 0 0 1 0 1 0 0 )
col 111: (1 0 0 0 0 1 0 0 0 0 0 1 0 )
col 112: (0 0 1 1 0 0 0 0 1 0 1 0 0 )
col 113: (0 1 0 0 0 1 0 0 0 0 0 1 0 )
col 114: (1 0 0 0 1 0 0 0 1 0 1 0 0 )
col 115: (0 0 1 0 0 1 0 0 0 0 0 1 0 )
col 116: (0 0 0 1 0 1 0 0 1 0 1 0 0 )
col 117: (0 0 0 0 1 1 0 0 0 0 0 1 0 )
col 118: (0 0 0 0 1 1 0 0 1 0 1 0 0 )
col 119: (1 0 0 0 0 1 0 0 0 0 0 0 1 )
col 120: (0 1 0 0 1 0 0 0 0 0 1 0 1 )
col 121: (0 0 0 0 0 1 0 0 0 1 0 1 0 )
col 122: (0 0 0 1 1 0 0 0 1 0 0 0 1 )
col 123: (0 0 0 0 1 0 0 0 0 0 0 1 1 )
col 124: (1 0 0 1 0 0 0 0 0 1 0 0 1 )
col 125: (0 0 0 0 0 0 1 0 1 0 0 1 0 )
col 126: (0 1 0 1 0 0 0 0 0 1 0 0 1 )
col 127: (0 0 0 0 1 0 0 0 0 1 0 1 0 )
col 128: (1 0 0 1 0 0 0 0 0 0 0 1 1 )
col 129: (1 0 0 0 0 0 0 0 0 0 0 0 0 )
col 130: (0 1 0 0 0 0 0 0 0 0 0 0 0 )
col 131: (0 0 1 0 0 0 0 0 0 0 0 0 0 )
col 132: (0 0 0 1 0 0 0 0 0 0 0 0 0 )
col 133: (0 0 0 0 1 0 0 0 0 0 0 0 0 )
col 134: (0 0 0 0 0 1 0 0 0 0 0 0 0 )
col 135: (0 0 0 0 0 0 1 0 0 0 0 0 0 )
col 136: (0 0 0 0 0 0 0 1 0 0 0 0 0 )
col 137: (0 0 0 0 0 0 0 0 1 0 0 0 0 )
col 138: (0 0 0 0 0 0 0 0 0 1 0 0 0 )
col 139: (0 0 0 0 0 0 0 0 0 0 1 0 0 )
col 140: (0 0 0 0 0 0 0 0 0 0 0 1 0 )
col 141: (0 0 0 0 0 0 0 0 0 0 0 0 1 )
Matrix as numbers: 28 43 37 46 49 75 52 77 84 58 70 106 82 108 131 89 133 150 145 15 137 27 161 23 97 154 176 120 193 142 259 170 224 269 290 202 262 204 164 277 322 216 266 297 274 329 324 281 336 404 385 300 386 360 515 312 517 396 518 408 545 456 546 568 608 424 580 712 578 792 592 904 641 1031 644 556 770 585 672 1035 800 1037 832 1038 1048 1066 1153 1074 1044 1105 1057 1136 1184 1285 1090 1164 1282 1043 1344 1128 1600 1097 1664 1162 2051 1170 2053 1224 2054 1289 2081 1292 2082 1297 2084 1320 2096 1328 4129 5138 2592 4376 6160 4617 2368 4618 2576 6153 1 2 4 8 16 32 64 128 256 512 1024 2048 4096 
