N22K16 Li
-----------------------------------
Found @ iteration: 2 ; game = 1 
After 0.023 seconds
# Bad Cycles: 47
# Set Bits:   39
# Max Row Weight: 7
col 1 : (0 0 0 1 1 0 )
col 2 : (1 0 0 0 0 0 )
col 3 : (0 0 1 0 1 0 )
col 4 : (0 1 0 0 0 0 )
col 5 : (0 0 0 0 1 1 )
col 6 : (0 0 1 0 0 0 )
col 7 : (0 1 0 0 0 1 )
col 8 : (0 0 0 1 0 0 )
col 9 : (1 1 0 0 0 0 )
col 10: (0 0 0 0 1 0 )
col 11: (0 0 1 1 0 0 )
col 12: (0 0 0 0 0 1 )
col 13: (1 0 1 0 0 0 )
col 14: (0 1 0 0 1 0 )
col 15: (0 0 1 0 0 1 )
col 16: (1 0 0 1 0 0 )
col 17: (0 1 1 0 0 0 )
col 18: (1 0 0 0 0 1 )
col 19: (0 1 0 1 0 0 )
col 20: (1 0 0 0 1 0 )
col 21: (0 0 0 1 0 1 )
col 22: (0 1 1 0 1 0 )
24 1 20 2 48 4 34 8 3 16 12 32 5 18 36 9 6 33 10 17 40 22 


N39K32 Li
-----------------------------------
Found @ iteration: 24 ; game = 1 
After 0.573 seconds
# Bad Cycles: 182
# Set Bits:   82
# Max Row Weight: 12
col 1 : (0 0 0 1 0 0 1 )
col 2 : (1 0 0 0 0 0 0 )
col 3 : (0 0 1 0 1 0 0 )
col 4 : (0 1 0 0 0 0 0 )
col 5 : (0 0 0 0 1 1 0 )
col 6 : (0 0 1 0 0 0 0 )
col 7 : (1 0 0 0 0 1 0 )
col 8 : (0 0 0 1 0 0 0 )
col 9 : (0 0 1 0 0 0 1 )
col 10: (0 0 0 0 1 0 0 )
col 11: (1 1 0 0 0 0 0 )
col 12: (0 0 0 0 0 1 0 )
col 13: (0 1 0 1 0 0 0 )
col 14: (0 0 0 0 0 0 1 )
col 15: (0 0 0 1 0 1 0 )
col 16: (0 1 1 0 0 0 0 )
col 17: (1 0 0 0 0 0 1 )
col 18: (0 0 1 0 0 1 0 )
col 19: (0 1 0 0 1 0 0 )
col 20: (1 0 1 0 0 0 0 )
col 21: (0 0 0 1 1 0 0 )
col 22: (0 1 0 0 0 1 0 )
col 23: (1 0 0 1 0 0 0 )
col 24: (0 0 0 0 1 0 1 )
col 25: (0 0 1 1 0 0 0 )
col 26: (0 1 0 0 0 0 1 )
col 27: (1 0 0 0 1 0 0 )
col 28: (0 0 0 0 0 1 1 )
col 29: (0 0 0 1 1 1 0 )
col 30: (0 1 1 0 0 1 0 )
col 31: (0 1 0 1 1 0 0 )
col 32: (0 0 1 0 0 1 1 )
col 33: (0 0 1 1 1 0 0 )
col 34: (1 1 1 0 0 0 0 )
col 35: (0 1 0 0 1 0 1 )
col 36: (1 0 0 0 0 1 1 )
col 37: (1 1 0 1 0 0 0 )
col 38: (1 0 0 0 1 0 1 )
col 39: (1 0 1 0 0 1 0 )
72 1 20 2 48 4 33 8 68 16 3 32 10 64 40 6 65 36 18 5 24 34 9 80 12 66 17 96 56 38 26 100 28 7 82 97 11 81 37 


N72K64
-----------------------------------
Found @ iteration: 48 ; game = 1 
After 1126.465 seconds
# Bad Cycles: 2147483647
# Set Bits:   172
col 1 : (0 0 1 0 0 1 0 0 )
col 2 : (1 0 0 0 0 0 0 0 )
col 3 : (0 0 0 1 1 0 0 0 )
col 4 : (0 1 0 0 0 0 0 0 )
col 5 : (0 0 0 0 0 1 1 0 )
col 6 : (0 0 1 0 0 0 0 0 )
col 7 : (0 1 1 0 0 0 0 0 )
col 8 : (0 0 0 1 0 0 0 0 )
col 9 : (1 1 0 0 0 0 0 0 )
col 10: (0 0 0 0 1 0 0 0 )
col 11: (0 1 0 0 0 0 0 1 )
col 12: (0 0 0 0 0 1 0 0 )
col 13: (1 0 0 0 1 0 0 0 )
col 14: (0 0 0 0 0 0 1 0 )
col 15: (0 0 0 0 0 1 0 1 )
col 16: (0 0 0 0 0 0 0 1 )
col 17: (0 0 0 1 0 1 0 0 )
col 18: (0 0 0 0 1 0 0 1 )
col 19: (1 0 0 0 0 1 0 0 )
col 20: (1 0 0 0 0 0 1 0 )
col 21: (0 1 0 0 1 0 0 0 )
col 22: (1 0 0 1 0 0 0 0 )
col 23: (0 1 0 1 0 0 0 0 )
col 24: (0 0 0 1 0 0 0 1 )
col 25: (0 1 0 0 0 0 1 0 )
col 26: (1 0 1 0 0 0 0 0 )
col 27: (0 0 1 1 0 0 0 0 )
col 28: (0 0 1 0 0 0 0 1 )
col 29: (1 0 0 0 0 0 0 1 )
col 30: (0 0 0 0 1 0 1 0 )
col 31: (0 0 0 0 0 0 1 1 )
col 32: (0 1 0 0 0 1 0 0 )
col 33: (0 0 1 0 0 0 1 0 )
col 34: (0 0 1 0 1 0 0 0 )
col 35: (0 0 0 1 0 0 1 0 )
col 36: (0 0 0 0 1 1 0 0 )
col 37: (1 0 0 0 0 0 1 1 )
col 38: (0 1 0 1 0 0 0 1 )
col 39: (0 1 1 0 1 0 0 0 )
col 40: (0 1 1 0 0 1 0 0 )
col 41: (0 0 1 1 0 0 1 0 )
col 42: (1 1 0 0 0 0 1 0 )
col 43: (0 0 1 0 1 0 0 1 )
col 44: (0 1 0 0 1 0 1 0 )
col 45: (0 0 1 1 0 1 0 0 )
col 46: (0 1 0 0 1 1 0 0 )
col 47: (0 0 0 1 1 0 0 1 )
col 48: (0 0 1 0 1 1 0 0 )
col 49: (0 1 1 0 0 0 0 1 )
col 50: (0 0 0 1 1 1 0 0 )
col 51: (1 0 0 1 0 1 0 0 )
col 52: (0 0 1 0 0 1 0 1 )
col 53: (0 0 1 0 1 0 1 0 )
col 54: (0 0 0 1 0 1 1 0 )
col 55: (1 0 0 1 0 0 1 0 )
col 56: (1 0 0 0 0 1 1 0 )
col 57: (0 0 0 1 0 0 1 1 )
col 58: (1 1 0 0 0 1 0 0 )
col 59: (1 0 1 0 1 0 0 0 )
col 60: (0 1 0 1 0 1 0 0 )
col 61: (0 1 1 0 0 0 1 0 )
col 62: (1 0 1 0 0 0 0 1 )
col 63: (1 0 0 1 0 0 0 1 )
col 64: (1 1 1 0 0 0 0 0 )
col 65: (1 0 0 0 0 1 0 1 )
col 66: (0 1 0 0 0 0 1 1 )
col 67: (0 0 1 0 0 0 1 1 )
col 68: (0 0 0 0 1 1 1 0 )
col 69: (1 0 1 0 0 0 1 0 )
col 70: (0 0 1 1 0 0 0 1 )
col 71: (0 0 0 1 1 0 1 0 )
col 72: (1 0 0 0 1 1 0 0 )
36 1 24 2 96 4 6 8 3 16 130 32 17 64 160 128 40 144 33 65 18 9 10 136 66 5 12 132 129 80 192 34 68 20 72 48 193 138 22 38 76 67 148 82 44 50 152 52 134 56 41 164 84 104 73 97 200 35 21 42 70 133 137 7 161 194 196 112 69 140 88 49 


