No matrix found yet... :(


N72K64
-----------------------------------
Found @ iteration: 46 ; game = 1 
After 211.804 seconds
# Bad Cycles: 1334
# Set Bits:   272
# Max Row Weight: 40
col 1 : (0 0 0 0 1 0 1 1 )
col 2 : (0 1 0 0 1 1 0 0 )
col 3 : (1 1 0 1 0 0 0 0 )
col 4 : (0 0 1 0 0 1 1 0 )
col 5 : (1 0 0 0 0 1 1 0 )
col 6 : (0 0 0 0 1 1 1 0 )
col 7 : (0 1 0 1 1 0 0 0 )
col 8 : (0 0 0 0 1 1 0 1 )
col 9 : (1 1 0 0 1 0 0 0 )
col 10: (0 0 1 0 1 0 1 0 )
col 11: (1 0 0 0 1 0 0 1 )
col 12: (1 1 1 0 0 0 0 0 )
col 13: (0 0 0 1 0 0 1 1 )
col 14: (1 1 0 0 0 1 0 0 )
col 15: (0 0 0 1 0 1 0 1 )
col 16: (1 0 1 0 0 0 0 1 )
col 17: (0 1 0 0 0 1 0 1 )
col 18: (1 0 1 1 0 0 0 0 )
col 19: (1 1 0 0 0 0 1 0 )
col 20: (1 0 0 1 1 0 0 0 )
col 21: (0 0 0 1 0 1 1 0 )
col 22: (0 0 1 0 1 1 0 0 )
col 23: (0 1 1 1 0 0 0 0 )
col 24: (0 0 0 1 1 1 0 0 )
col 25: (0 0 1 0 0 1 0 1 )
col 26: (0 0 1 1 1 0 0 0 )
col 27: (1 0 0 0 1 0 1 0 )
col 28: (0 0 1 0 0 0 1 1 )
col 29: (1 1 1 1 1 0 0 0 )
col 30: (0 1 0 1 0 1 1 1 )
col 31: (1 0 1 0 0 1 1 1 )
col 32: (0 0 0 1 1 1 1 1 )
col 33: (0 0 1 1 0 1 1 1 )
col 34: (1 1 0 1 1 0 1 0 )
col 35: (1 1 1 0 1 1 0 0 )
col 36: (0 1 1 0 1 0 1 1 )
col 37: (0 1 1 1 1 1 0 0 )
col 38: (0 1 0 1 1 0 1 1 )
col 39: (1 0 1 1 1 0 1 0 )
col 40: (0 1 1 1 0 1 1 0 )
col 41: (1 0 1 0 1 0 1 1 )
col 42: (1 0 1 0 1 1 1 0 )
col 43: (1 1 0 1 0 0 1 1 )
col 44: (0 1 1 1 1 0 0 1 )
col 45: (1 1 1 0 1 0 0 1 )
col 46: (1 0 0 1 1 1 0 1 )
col 47: (1 0 1 1 0 0 1 1 )
col 48: (1 0 1 1 1 1 0 0 )
col 49: (0 1 1 0 1 1 1 0 )
col 50: (1 1 1 1 0 1 0 0 )
col 51: (1 0 0 1 1 0 1 1 )
col 52: (0 1 0 0 1 1 1 1 )
col 53: (1 1 0 0 1 0 1 1 )
col 54: (0 1 1 0 1 1 0 1 )
col 55: (1 1 0 1 1 1 0 0 )
col 56: (1 0 0 1 0 1 1 1 )
col 57: (1 0 1 1 0 1 1 0 )
col 58: (0 1 0 1 1 1 0 1 )
col 59: (0 0 1 1 1 0 1 1 )
col 60: (1 0 1 0 1 1 0 1 )
col 61: (1 0 0 0 1 1 1 1 )
col 62: (1 1 1 1 0 0 0 1 )
col 63: (1 0 1 1 1 0 0 1 )
col 64: (1 1 0 0 1 1 1 0 )
col 65: (1 0 0 0 0 0 0 0 )
col 66: (0 1 0 0 0 0 0 0 )
col 67: (0 0 1 0 0 0 0 0 )
col 68: (0 0 0 1 0 0 0 0 )
col 69: (0 0 0 0 1 0 0 0 )
col 70: (0 0 0 0 0 1 0 0 )
col 71: (0 0 0 0 0 0 1 0 )
col 72: (0 0 0 0 0 0 0 1 )
208 50 11 100 97 112 26 176 19 84 145 7 200 35 168 133 162 13 67 25 104 52 14 56 164 28 81 196 31 234 229 248 236 91 55 214 62 218 93 110 213 117 203 158 151 185 205 61 118 47 217 242 211 182 59 233 109 186 220 181 241 143 157 115 1 2 4 8 16 32 64 128 



N72K64
-----------------------------------
Found @ iteration: 47 ; game = 1 
After 216.694 seconds
# Bad Cycles: 1313
# Set Bits:   272
# Max Row Weight: 38
col 1 : (0 0 0 0 1 0 1 1 )
col 2 : (0 1 0 0 1 1 0 0 )
col 3 : (1 1 0 1 0 0 0 0 )
col 4 : (0 0 1 0 0 1 1 0 )
col 5 : (1 0 0 0 0 1 1 0 )
col 6 : (0 0 0 0 1 1 1 0 )
col 7 : (0 1 0 1 1 0 0 0 )
col 8 : (0 0 0 0 1 1 0 1 )
col 9 : (1 1 0 0 1 0 0 0 )
col 10: (0 0 1 0 1 0 1 0 )
col 11: (1 0 0 0 1 0 0 1 )
col 12: (1 1 1 0 0 0 0 0 )
col 13: (0 0 0 1 0 0 1 1 )
col 14: (1 1 0 0 0 1 0 0 )
col 15: (0 0 0 1 0 1 0 1 )
col 16: (1 0 1 0 0 0 0 1 )
col 17: (0 1 0 0 0 1 0 1 )
col 18: (1 0 1 1 0 0 0 0 )
col 19: (1 1 0 0 0 0 1 0 )
col 20: (1 0 0 1 1 0 0 0 )
col 21: (0 0 0 1 0 1 1 0 )
col 22: (0 0 1 0 1 1 0 0 )
col 23: (0 1 1 1 0 0 0 0 )
col 24: (0 0 0 1 1 1 0 0 )
col 25: (0 0 1 0 0 1 0 1 )
col 26: (0 0 1 1 1 0 0 0 )
col 27: (1 0 0 0 1 0 1 0 )
col 28: (0 0 1 0 0 0 1 1 )
col 29: (1 1 1 1 1 0 0 0 )
col 30: (0 1 0 1 0 1 1 1 )
col 31: (1 0 1 0 0 1 1 1 )
col 32: (0 0 0 1 1 1 1 1 )
col 33: (0 0 1 1 0 1 1 1 )
col 34: (1 1 0 1 1 0 1 0 )
col 35: (1 1 1 0 1 1 0 0 )
col 36: (0 1 1 0 1 0 1 1 )
col 37: (0 1 1 1 1 1 0 0 )
col 38: (0 1 0 1 1 0 1 1 )
col 39: (1 0 1 1 1 0 1 0 )
col 40: (0 1 1 1 0 1 1 0 )
col 41: (1 0 1 0 1 0 1 1 )
col 42: (1 0 1 0 1 1 1 0 )
col 43: (1 1 0 1 0 0 1 1 )
col 44: (0 1 1 1 1 0 0 1 )
col 45: (1 1 1 0 1 0 0 1 )
col 46: (1 0 0 1 1 1 0 1 )
col 47: (1 0 0 0 1 1 1 1 )
col 48: (1 1 0 0 1 0 1 1 )
col 49: (1 1 1 1 0 1 0 0 )
col 50: (1 0 0 1 1 0 1 1 )
col 51: (1 1 1 1 0 0 0 1 )
col 52: (0 0 1 1 1 1 1 0 )
col 53: (1 1 0 1 1 0 0 1 )
col 54: (1 1 0 1 0 1 1 0 )
col 55: (1 0 0 1 0 1 1 1 )
col 56: (1 1 0 1 1 1 0 0 )
col 57: (1 0 1 1 1 0 0 1 )
col 58: (1 0 1 0 1 1 0 1 )
col 59: (0 1 1 0 0 1 1 1 )
col 60: (1 1 1 0 1 0 1 0 )
col 61: (0 1 1 1 0 1 0 1 )
col 62: (0 1 0 1 1 1 1 0 )
col 63: (1 0 1 1 0 1 0 1 )
col 64: (1 0 1 1 1 1 0 0 )
col 65: (1 0 0 0 0 0 0 0 )
col 66: (0 1 0 0 0 0 0 0 )
col 67: (0 0 1 0 0 0 0 0 )
col 68: (0 0 0 1 0 0 0 0 )
col 69: (0 0 0 0 1 0 0 0 )
col 70: (0 0 0 0 0 1 0 0 )
col 71: (0 0 0 0 0 0 1 0 )
col 72: (0 0 0 0 0 0 0 1 )
208 50 11 100 97 112 26 176 19 84 145 7 200 35 168 133 162 13 67 25 104 52 14 56 164 28 81 196 31 234 229 248 236 91 55 214 62 218 93 110 213 117 203 158 151 185 241 211 47 217 143 124 155 107 233 59 157 181 230 87 174 122 173 61 1 2 4 8 16 32 64 128 



N72K64
-----------------------------------
Found @ iteration: 49 ; game = 1 
After 228.928 seconds
# Bad Cycles: 1309
# Set Bits:   272
# Max Row Weight: 37
col 1 : (0 0 0 0 1 0 1 1 )
col 2 : (0 1 0 0 1 1 0 0 )
col 3 : (1 1 0 1 0 0 0 0 )
col 4 : (0 0 1 0 0 1 1 0 )
col 5 : (1 0 0 0 0 1 1 0 )
col 6 : (0 0 0 0 1 1 1 0 )
col 7 : (0 1 0 1 1 0 0 0 )
col 8 : (0 0 0 0 1 1 0 1 )
col 9 : (1 1 0 0 1 0 0 0 )
col 10: (0 0 1 0 1 0 1 0 )
col 11: (1 0 0 0 1 0 0 1 )
col 12: (1 1 1 0 0 0 0 0 )
col 13: (0 0 0 1 0 0 1 1 )
col 14: (1 1 0 0 0 1 0 0 )
col 15: (0 0 0 1 0 1 0 1 )
col 16: (1 0 1 0 0 0 0 1 )
col 17: (0 1 0 0 0 1 0 1 )
col 18: (1 0 1 1 0 0 0 0 )
col 19: (1 1 0 0 0 0 1 0 )
col 20: (1 0 0 1 1 0 0 0 )
col 21: (0 0 0 1 0 1 1 0 )
col 22: (0 0 1 0 1 1 0 0 )
col 23: (0 1 1 1 0 0 0 0 )
col 24: (0 0 0 1 1 1 0 0 )
col 25: (0 0 1 0 0 1 0 1 )
col 26: (0 0 1 1 1 0 0 0 )
col 27: (1 0 0 0 1 0 1 0 )
col 28: (0 0 1 0 0 0 1 1 )
col 29: (1 1 1 1 1 0 0 0 )
col 30: (0 1 0 1 0 1 1 1 )
col 31: (1 0 1 0 0 1 1 1 )
col 32: (0 0 0 1 1 1 1 1 )
col 33: (0 0 1 1 0 1 1 1 )
col 34: (1 1 0 1 1 0 1 0 )
col 35: (1 1 1 0 1 1 0 0 )
col 36: (0 1 1 0 1 0 1 1 )
col 37: (0 1 1 1 1 1 0 0 )
col 38: (0 1 0 1 1 0 1 1 )
col 39: (1 0 1 1 1 0 1 0 )
col 40: (0 1 1 1 0 1 1 0 )
col 41: (1 0 1 0 1 0 1 1 )
col 42: (1 0 1 0 1 1 1 0 )
col 43: (1 1 0 1 0 0 1 1 )
col 44: (0 1 1 1 1 0 0 1 )
col 45: (1 1 1 0 1 0 0 1 )
col 46: (1 0 0 1 1 1 0 1 )
col 47: (1 0 0 0 1 1 1 1 )
col 48: (1 1 0 0 1 0 1 1 )
col 49: (1 1 1 0 0 1 0 1 )
col 50: (1 0 1 1 1 1 0 0 )
col 51: (0 1 1 0 1 1 1 0 )
col 52: (0 1 0 0 1 1 1 1 )
col 53: (0 1 1 1 0 0 1 1 )
col 54: (0 1 0 1 1 1 1 0 )
col 55: (0 0 1 1 1 0 1 1 )
col 56: (1 1 1 1 0 0 1 0 )
col 57: (1 0 1 1 0 0 1 1 )
col 58: (1 1 1 1 0 0 0 1 )
col 59: (0 1 1 1 0 1 0 1 )
col 60: (1 1 1 0 0 1 1 0 )
col 61: (1 0 1 1 0 1 1 0 )
col 62: (1 0 1 1 1 0 0 1 )
col 63: (0 0 1 0 1 1 1 1 )
col 64: (0 1 1 0 0 1 1 1 )
col 65: (1 0 0 0 0 0 0 0 )
col 66: (0 1 0 0 0 0 0 0 )
col 67: (0 0 1 0 0 0 0 0 )
col 68: (0 0 0 1 0 0 0 0 )
col 69: (0 0 0 0 1 0 0 0 )
col 70: (0 0 0 0 0 1 0 0 )
col 71: (0 0 0 0 0 0 1 0 )
col 72: (0 0 0 0 0 0 0 1 )
208 50 11 100 97 112 26 176 19 84 145 7 200 35 168 133 162 13 67 25 104 52 14 56 164 28 81 196 31 234 229 248 236 91 55 214 62 218 93 110 213 117 203 158 151 185 241 211 167 61 118 242 206 122 220 79 205 143 174 103 109 157 244 230 1 2 4 8 16 32 64 128 



N72K64
-----------------------------------
Found @ iteration: 51 ; game = 1 
After 245.990 seconds
# Bad Cycles: 1308
# Set Bits:   272
# Max Row Weight: 38
col 1 : (0 0 0 0 1 0 1 1 )
col 2 : (0 1 0 0 1 1 0 0 )
col 3 : (1 1 0 1 0 0 0 0 )
col 4 : (0 0 1 0 0 1 1 0 )
col 5 : (1 0 0 0 0 1 1 0 )
col 6 : (0 0 0 0 1 1 1 0 )
col 7 : (0 1 0 1 1 0 0 0 )
col 8 : (0 0 0 0 1 1 0 1 )
col 9 : (1 1 0 0 1 0 0 0 )
col 10: (0 0 1 0 1 0 1 0 )
col 11: (1 0 0 0 1 0 0 1 )
col 12: (1 1 1 0 0 0 0 0 )
col 13: (0 0 0 1 0 0 1 1 )
col 14: (1 1 0 0 0 1 0 0 )
col 15: (0 0 0 1 0 1 0 1 )
col 16: (1 0 1 0 0 0 0 1 )
col 17: (0 1 0 0 0 1 0 1 )
col 18: (1 0 1 1 0 0 0 0 )
col 19: (1 1 0 0 0 0 1 0 )
col 20: (1 0 0 1 1 0 0 0 )
col 21: (0 0 0 1 0 1 1 0 )
col 22: (0 0 1 0 1 1 0 0 )
col 23: (0 1 1 1 0 0 0 0 )
col 24: (0 0 0 1 1 1 0 0 )
col 25: (0 0 1 0 0 1 0 1 )
col 26: (0 0 1 1 1 0 0 0 )
col 27: (1 0 0 0 1 0 1 0 )
col 28: (0 0 1 0 0 0 1 1 )
col 29: (1 1 1 1 1 0 0 0 )
col 30: (0 1 0 1 0 1 1 1 )
col 31: (1 0 1 0 0 1 1 1 )
col 32: (0 0 0 1 1 1 1 1 )
col 33: (0 0 1 1 0 1 1 1 )
col 34: (1 1 0 1 1 0 1 0 )
col 35: (1 1 1 0 1 1 0 0 )
col 36: (0 1 1 0 1 0 1 1 )
col 37: (0 1 1 1 1 1 0 0 )
col 38: (0 1 0 1 1 0 1 1 )
col 39: (1 0 1 1 1 0 1 0 )
col 40: (0 1 1 1 0 1 1 0 )
col 41: (1 0 1 0 1 0 1 1 )
col 42: (1 0 1 0 1 1 1 0 )
col 43: (1 1 0 1 0 0 1 1 )
col 44: (0 1 1 1 1 0 0 1 )
col 45: (1 1 1 0 1 0 0 1 )
col 46: (1 0 0 1 1 1 0 1 )
col 47: (1 0 0 0 1 1 1 1 )
col 48: (1 1 0 0 1 0 1 1 )
col 49: (1 1 1 0 0 1 0 1 )
col 50: (1 0 1 1 1 1 0 0 )
col 51: (1 0 0 1 0 1 1 1 )
col 52: (1 1 0 1 1 0 0 1 )
col 53: (1 1 1 0 0 1 1 0 )
col 54: (0 1 0 1 1 1 0 1 )
col 55: (1 1 1 1 0 0 0 1 )
col 56: (0 0 1 0 1 1 1 1 )
col 57: (1 1 0 1 0 1 0 1 )
col 58: (1 0 0 1 1 1 1 0 )
col 59: (0 1 1 0 0 1 1 1 )
col 60: (1 0 1 1 0 1 0 1 )
col 61: (0 0 1 1 1 1 1 0 )
col 62: (0 1 1 0 1 1 0 1 )
col 63: (0 1 0 0 1 1 1 1 )
col 64: (1 1 1 0 1 0 1 0 )
col 65: (1 0 0 0 0 0 0 0 )
col 66: (0 1 0 0 0 0 0 0 )
col 67: (0 0 1 0 0 0 0 0 )
col 68: (0 0 0 1 0 0 0 0 )
col 69: (0 0 0 0 1 0 0 0 )
col 70: (0 0 0 0 0 1 0 0 )
col 71: (0 0 0 0 0 0 1 0 )
col 72: (0 0 0 0 0 0 0 1 )
208 50 11 100 97 112 26 176 19 84 145 7 200 35 168 133 162 13 67 25 104 52 14 56 164 28 81 196 31 234 229 248 236 91 55 214 62 218 93 110 213 117 203 158 151 185 241 211 167 61 233 155 103 186 143 244 171 121 230 173 124 182 242 87 1 2 4 8 16 32 64 128 



N72K64
-----------------------------------
Found @ iteration: 55 ; game = 1 
After 265.699 seconds
# Bad Cycles: 1297
# Set Bits:   272
# Max Row Weight: 37
col 1 : (0 0 0 0 1 0 1 1 )
col 2 : (0 1 0 0 1 1 0 0 )
col 3 : (1 1 0 1 0 0 0 0 )
col 4 : (0 0 1 0 0 1 1 0 )
col 5 : (1 0 0 0 0 1 1 0 )
col 6 : (0 0 0 0 1 1 1 0 )
col 7 : (0 1 0 1 1 0 0 0 )
col 8 : (0 0 0 0 1 1 0 1 )
col 9 : (1 1 0 0 1 0 0 0 )
col 10: (0 0 1 0 1 0 1 0 )
col 11: (1 0 0 0 1 0 0 1 )
col 12: (1 1 1 0 0 0 0 0 )
col 13: (0 0 0 1 0 0 1 1 )
col 14: (1 1 0 0 0 1 0 0 )
col 15: (0 0 0 1 0 1 0 1 )
col 16: (1 0 1 0 0 0 0 1 )
col 17: (0 1 0 0 0 1 0 1 )
col 18: (1 0 1 1 0 0 0 0 )
col 19: (1 1 0 0 0 0 1 0 )
col 20: (1 0 0 1 1 0 0 0 )
col 21: (0 0 0 1 0 1 1 0 )
col 22: (0 0 1 0 1 1 0 0 )
col 23: (0 1 1 1 0 0 0 0 )
col 24: (0 0 0 1 1 1 0 0 )
col 25: (0 0 1 0 0 1 0 1 )
col 26: (0 0 1 1 1 0 0 0 )
col 27: (1 0 0 0 1 0 1 0 )
col 28: (0 0 1 0 0 0 1 1 )
col 29: (1 1 1 1 1 0 0 0 )
col 30: (0 1 0 1 0 1 1 1 )
col 31: (1 0 1 0 0 1 1 1 )
col 32: (0 0 0 1 1 1 1 1 )
col 33: (0 0 1 1 0 1 1 1 )
col 34: (1 1 0 1 1 0 1 0 )
col 35: (1 1 1 0 1 1 0 0 )
col 36: (0 1 1 0 1 0 1 1 )
col 37: (0 1 1 1 1 1 0 0 )
col 38: (0 1 0 1 1 0 1 1 )
col 39: (1 0 1 1 1 0 1 0 )
col 40: (0 1 1 1 0 1 1 0 )
col 41: (1 0 1 0 1 0 1 1 )
col 42: (1 0 1 0 1 1 1 0 )
col 43: (1 1 0 1 0 0 1 1 )
col 44: (0 1 1 1 1 0 0 1 )
col 45: (1 1 1 0 1 0 0 1 )
col 46: (1 0 0 1 1 1 0 1 )
col 47: (1 0 0 0 1 1 1 1 )
col 48: (1 1 0 0 1 0 1 1 )
col 49: (1 1 1 0 0 1 0 1 )
col 50: (1 0 1 1 1 1 0 0 )
col 51: (1 0 0 1 0 1 1 1 )
col 52: (1 1 0 1 1 0 0 1 )
col 53: (1 1 1 0 0 1 1 0 )
col 54: (0 1 0 1 1 1 0 1 )
col 55: (1 0 1 1 0 0 1 1 )
col 56: (0 1 1 0 0 1 1 1 )
col 57: (1 1 0 1 0 1 1 0 )
col 58: (0 1 1 1 1 0 1 0 )
col 59: (1 1 0 0 1 1 0 1 )
col 60: (0 1 0 0 1 1 1 1 )
col 61: (1 1 0 0 1 1 1 0 )
col 62: (1 1 1 0 1 0 1 0 )
col 63: (0 1 1 1 0 0 1 1 )
col 64: (1 0 1 1 0 1 0 1 )
col 65: (1 0 0 0 0 0 0 0 )
col 66: (0 1 0 0 0 0 0 0 )
col 67: (0 0 1 0 0 0 0 0 )
col 68: (0 0 0 1 0 0 0 0 )
col 69: (0 0 0 0 1 0 0 0 )
col 70: (0 0 0 0 0 1 0 0 )
col 71: (0 0 0 0 0 0 1 0 )
col 72: (0 0 0 0 0 0 0 1 )
208 50 11 100 97 112 26 176 19 84 145 7 200 35 168 133 162 13 67 25 104 52 14 56 164 28 81 196 31 234 229 248 236 91 55 214 62 218 93 110 213 117 203 158 151 185 241 211 167 61 233 155 103 186 205 230 107 94 179 242 115 87 206 173 1 2 4 8 16 32 64 128 



N72K64
-----------------------------------
Found @ iteration: 56 ; game = 1 
After 274.662 seconds
# Bad Cycles: 1296
# Set Bits:   272
# Max Row Weight: 39
col 1 : (0 0 0 0 1 0 1 1 )
col 2 : (0 1 0 0 1 1 0 0 )
col 3 : (1 1 0 1 0 0 0 0 )
col 4 : (0 0 1 0 0 1 1 0 )
col 5 : (1 0 0 0 0 1 1 0 )
col 6 : (0 0 0 0 1 1 1 0 )
col 7 : (0 1 0 1 1 0 0 0 )
col 8 : (0 0 0 0 1 1 0 1 )
col 9 : (1 1 0 0 1 0 0 0 )
col 10: (0 0 1 0 1 0 1 0 )
col 11: (1 0 0 0 1 0 0 1 )
col 12: (1 1 1 0 0 0 0 0 )
col 13: (0 0 0 1 0 0 1 1 )
col 14: (1 1 0 0 0 1 0 0 )
col 15: (0 0 0 1 0 1 0 1 )
col 16: (1 0 1 0 0 0 0 1 )
col 17: (0 1 0 0 0 1 0 1 )
col 18: (1 0 1 1 0 0 0 0 )
col 19: (1 1 0 0 0 0 1 0 )
col 20: (1 0 0 1 1 0 0 0 )
col 21: (0 0 0 1 0 1 1 0 )
col 22: (0 0 1 0 1 1 0 0 )
col 23: (0 1 1 1 0 0 0 0 )
col 24: (0 0 0 1 1 1 0 0 )
col 25: (0 0 1 0 0 1 0 1 )
col 26: (0 0 1 1 1 0 0 0 )
col 27: (1 0 0 0 1 0 1 0 )
col 28: (0 0 1 0 0 0 1 1 )
col 29: (1 1 1 1 1 0 0 0 )
col 30: (0 1 0 1 0 1 1 1 )
col 31: (1 0 1 0 0 1 1 1 )
col 32: (0 0 0 1 1 1 1 1 )
col 33: (0 0 1 1 0 1 1 1 )
col 34: (1 1 0 1 1 0 1 0 )
col 35: (1 1 1 0 1 1 0 0 )
col 36: (0 1 1 0 1 0 1 1 )
col 37: (0 1 1 1 1 1 0 0 )
col 38: (0 1 0 1 1 0 1 1 )
col 39: (1 0 1 1 1 0 1 0 )
col 40: (0 1 1 1 0 1 1 0 )
col 41: (1 0 1 0 1 0 1 1 )
col 42: (1 0 1 0 1 1 1 0 )
col 43: (1 1 0 1 0 0 1 1 )
col 44: (0 1 1 1 1 0 0 1 )
col 45: (1 1 1 0 1 0 0 1 )
col 46: (1 0 0 1 1 1 0 1 )
col 47: (1 0 0 0 1 1 1 1 )
col 48: (1 1 0 0 1 0 1 1 )
col 49: (1 1 1 0 0 1 0 1 )
col 50: (1 0 1 1 1 1 0 0 )
col 51: (1 0 0 1 0 1 1 1 )
col 52: (1 1 0 1 1 0 0 1 )
col 53: (1 1 1 0 0 1 1 0 )
col 54: (0 1 0 1 1 1 0 1 )
col 55: (1 0 1 1 0 0 1 1 )
col 56: (0 1 1 1 1 0 1 0 )
col 57: (0 0 1 1 1 0 1 1 )
col 58: (1 0 1 1 1 0 0 1 )
col 59: (0 1 1 0 0 1 1 1 )
col 60: (0 1 1 1 0 0 1 1 )
col 61: (0 1 0 1 1 1 1 0 )
col 62: (0 0 1 0 1 1 1 1 )
col 63: (0 1 1 0 1 1 0 1 )
col 64: (0 1 0 0 1 1 1 1 )
col 65: (1 0 0 0 0 0 0 0 )
col 66: (0 1 0 0 0 0 0 0 )
col 67: (0 0 1 0 0 0 0 0 )
col 68: (0 0 0 1 0 0 0 0 )
col 69: (0 0 0 0 1 0 0 0 )
col 70: (0 0 0 0 0 1 0 0 )
col 71: (0 0 0 0 0 0 1 0 )
col 72: (0 0 0 0 0 0 0 1 )
208 50 11 100 97 112 26 176 19 84 145 7 200 35 168 133 162 13 67 25 104 52 14 56 164 28 81 196 31 234 229 248 236 91 55 214 62 218 93 110 213 117 203 158 151 185 241 211 167 61 233 155 103 186 205 94 220 157 230 206 122 244 182 242 1 2 4 8 16 32 64 128 



N72K64
-----------------------------------
Found @ iteration: 57 ; game = 1 
After 276.641 seconds
# Bad Cycles: 1294
# Set Bits:   272
# Max Row Weight: 38
col 1 : (0 0 0 0 1 0 1 1 )
col 2 : (0 1 0 0 1 1 0 0 )
col 3 : (1 1 0 1 0 0 0 0 )
col 4 : (0 0 1 0 0 1 1 0 )
col 5 : (1 0 0 0 0 1 1 0 )
col 6 : (0 0 0 0 1 1 1 0 )
col 7 : (0 1 0 1 1 0 0 0 )
col 8 : (0 0 0 0 1 1 0 1 )
col 9 : (1 1 0 0 1 0 0 0 )
col 10: (0 0 1 0 1 0 1 0 )
col 11: (1 0 0 0 1 0 0 1 )
col 12: (1 1 1 0 0 0 0 0 )
col 13: (0 0 0 1 0 0 1 1 )
col 14: (1 1 0 0 0 1 0 0 )
col 15: (0 0 0 1 0 1 0 1 )
col 16: (1 0 1 0 0 0 0 1 )
col 17: (0 1 0 0 0 1 0 1 )
col 18: (1 0 1 1 0 0 0 0 )
col 19: (1 1 0 0 0 0 1 0 )
col 20: (1 0 0 1 1 0 0 0 )
col 21: (0 0 0 1 0 1 1 0 )
col 22: (0 0 1 0 1 1 0 0 )
col 23: (0 1 1 1 0 0 0 0 )
col 24: (0 0 0 1 1 1 0 0 )
col 25: (0 0 1 0 0 1 0 1 )
col 26: (0 0 1 1 1 0 0 0 )
col 27: (1 0 0 0 1 0 1 0 )
col 28: (0 0 1 0 0 0 1 1 )
col 29: (1 1 1 1 1 0 0 0 )
col 30: (0 1 0 1 0 1 1 1 )
col 31: (1 0 1 0 0 1 1 1 )
col 32: (0 0 0 1 1 1 1 1 )
col 33: (0 0 1 1 0 1 1 1 )
col 34: (1 1 0 1 1 0 1 0 )
col 35: (1 1 1 0 1 1 0 0 )
col 36: (0 1 1 0 1 0 1 1 )
col 37: (0 1 1 1 1 1 0 0 )
col 38: (0 1 0 1 1 0 1 1 )
col 39: (1 0 1 1 1 0 1 0 )
col 40: (0 1 1 1 0 1 1 0 )
col 41: (1 0 1 0 1 0 1 1 )
col 42: (1 0 1 0 1 1 1 0 )
col 43: (1 1 0 1 0 0 1 1 )
col 44: (0 1 1 1 1 0 0 1 )
col 45: (1 1 1 0 1 0 0 1 )
col 46: (1 0 0 1 1 1 0 1 )
col 47: (1 0 0 0 1 1 1 1 )
col 48: (1 1 0 0 1 0 1 1 )
col 49: (1 1 1 0 0 1 0 1 )
col 50: (1 0 1 1 1 1 0 0 )
col 51: (1 0 0 1 0 1 1 1 )
col 52: (1 1 0 1 1 0 0 1 )
col 53: (1 1 1 0 0 1 1 0 )
col 54: (0 1 0 1 1 1 0 1 )
col 55: (1 0 1 1 0 0 1 1 )
col 56: (0 1 1 1 1 0 1 0 )
col 57: (0 1 1 1 0 0 1 1 )
col 58: (1 1 0 0 1 1 0 1 )
col 59: (1 1 0 1 1 1 0 0 )
col 60: (0 1 0 0 1 1 1 1 )
col 61: (1 0 0 1 1 0 1 1 )
col 62: (1 1 0 1 0 1 1 0 )
col 63: (0 0 1 0 1 1 1 1 )
col 64: (0 1 1 0 0 1 1 1 )
col 65: (1 0 0 0 0 0 0 0 )
col 66: (0 1 0 0 0 0 0 0 )
col 67: (0 0 1 0 0 0 0 0 )
col 68: (0 0 0 1 0 0 0 0 )
col 69: (0 0 0 0 1 0 0 0 )
col 70: (0 0 0 0 0 1 0 0 )
col 71: (0 0 0 0 0 0 1 0 )
col 72: (0 0 0 0 0 0 0 1 )
208 50 11 100 97 112 26 176 19 84 145 7 200 35 168 133 162 13 67 25 104 52 14 56 164 28 81 196 31 234 229 248 236 91 55 214 62 218 93 110 213 117 203 158 151 185 241 211 167 61 233 155 103 186 205 94 206 179 59 242 217 107 244 230 1 2 4 8 16 32 64 128 



N72K64
-----------------------------------
Found @ iteration: 58 ; game = 1 
After 284.553 seconds
# Bad Cycles: 1293
# Set Bits:   272
# Max Row Weight: 36
col 1 : (0 0 0 0 1 0 1 1 )
col 2 : (0 1 0 0 1 1 0 0 )
col 3 : (1 1 0 1 0 0 0 0 )
col 4 : (0 0 1 0 0 1 1 0 )
col 5 : (1 0 0 0 0 1 1 0 )
col 6 : (0 0 0 0 1 1 1 0 )
col 7 : (0 1 0 1 1 0 0 0 )
col 8 : (0 0 0 0 1 1 0 1 )
col 9 : (1 1 0 0 1 0 0 0 )
col 10: (0 0 1 0 1 0 1 0 )
col 11: (1 0 0 0 1 0 0 1 )
col 12: (1 1 1 0 0 0 0 0 )
col 13: (0 0 0 1 0 0 1 1 )
col 14: (1 1 0 0 0 1 0 0 )
col 15: (0 0 0 1 0 1 0 1 )
col 16: (1 0 1 0 0 0 0 1 )
col 17: (0 1 0 0 0 1 0 1 )
col 18: (1 0 1 1 0 0 0 0 )
col 19: (1 1 0 0 0 0 1 0 )
col 20: (1 0 0 1 1 0 0 0 )
col 21: (0 0 0 1 0 1 1 0 )
col 22: (0 0 1 0 1 1 0 0 )
col 23: (0 1 1 1 0 0 0 0 )
col 24: (0 0 0 1 1 1 0 0 )
col 25: (0 0 1 0 0 1 0 1 )
col 26: (0 0 1 1 1 0 0 0 )
col 27: (1 0 0 0 1 0 1 0 )
col 28: (0 0 1 0 0 0 1 1 )
col 29: (1 1 1 1 1 0 0 0 )
col 30: (0 1 0 1 0 1 1 1 )
col 31: (1 0 1 0 0 1 1 1 )
col 32: (0 0 0 1 1 1 1 1 )
col 33: (0 0 1 1 0 1 1 1 )
col 34: (1 1 0 1 1 0 1 0 )
col 35: (1 1 1 0 1 1 0 0 )
col 36: (0 1 1 0 1 0 1 1 )
col 37: (0 1 1 1 1 1 0 0 )
col 38: (0 1 0 1 1 0 1 1 )
col 39: (1 0 1 1 1 0 1 0 )
col 40: (0 1 1 1 0 1 1 0 )
col 41: (1 0 1 0 1 0 1 1 )
col 42: (1 0 1 0 1 1 1 0 )
col 43: (1 1 0 1 0 0 1 1 )
col 44: (0 1 1 1 1 0 0 1 )
col 45: (1 1 1 0 1 0 0 1 )
col 46: (1 0 0 1 1 1 0 1 )
col 47: (1 0 0 0 1 1 1 1 )
col 48: (1 1 0 0 1 0 1 1 )
col 49: (1 1 1 0 0 1 0 1 )
col 50: (1 0 1 1 1 1 0 0 )
col 51: (1 0 0 1 0 1 1 1 )
col 52: (1 1 0 1 1 0 0 1 )
col 53: (1 1 1 0 0 1 1 0 )
col 54: (0 1 0 1 1 1 0 1 )
col 55: (1 0 1 1 0 0 1 1 )
col 56: (0 1 1 1 1 0 1 0 )
col 57: (0 1 1 1 0 0 1 1 )
col 58: (0 1 1 0 1 1 0 1 )
col 59: (1 0 1 1 0 1 0 1 )
col 60: (0 1 0 0 1 1 1 1 )
col 61: (1 0 0 1 1 0 1 1 )
col 62: (1 1 0 1 0 1 1 0 )
col 63: (1 1 1 1 0 1 0 0 )
col 64: (0 1 1 0 0 1 1 1 )
col 65: (1 0 0 0 0 0 0 0 )
col 66: (0 1 0 0 0 0 0 0 )
col 67: (0 0 1 0 0 0 0 0 )
col 68: (0 0 0 1 0 0 0 0 )
col 69: (0 0 0 0 1 0 0 0 )
col 70: (0 0 0 0 0 1 0 0 )
col 71: (0 0 0 0 0 0 1 0 )
col 72: (0 0 0 0 0 0 0 1 )
208 50 11 100 97 112 26 176 19 84 145 7 200 35 168 133 162 13 67 25 104 52 14 56 164 28 81 196 31 234 229 248 236 91 55 214 62 218 93 110 213 117 203 158 151 185 241 211 167 61 233 155 103 186 205 94 206 182 173 242 217 107 47 230 1 2 4 8 16 32 64 128 



N72K64
-----------------------------------
Found @ iteration: 59 ; game = 1 
After 287.360 seconds
# Bad Cycles: 1288
# Set Bits:   272
# Max Row Weight: 37
col 1 : (0 0 0 0 1 0 1 1 )
col 2 : (0 1 0 0 1 1 0 0 )
col 3 : (1 1 0 1 0 0 0 0 )
col 4 : (0 0 1 0 0 1 1 0 )
col 5 : (1 0 0 0 0 1 1 0 )
col 6 : (0 0 0 0 1 1 1 0 )
col 7 : (0 1 0 1 1 0 0 0 )
col 8 : (0 0 0 0 1 1 0 1 )
col 9 : (1 1 0 0 1 0 0 0 )
col 10: (0 0 1 0 1 0 1 0 )
col 11: (1 0 0 0 1 0 0 1 )
col 12: (1 1 1 0 0 0 0 0 )
col 13: (0 0 0 1 0 0 1 1 )
col 14: (1 1 0 0 0 1 0 0 )
col 15: (0 0 0 1 0 1 0 1 )
col 16: (1 0 1 0 0 0 0 1 )
col 17: (0 1 0 0 0 1 0 1 )
col 18: (1 0 1 1 0 0 0 0 )
col 19: (1 1 0 0 0 0 1 0 )
col 20: (1 0 0 1 1 0 0 0 )
col 21: (0 0 0 1 0 1 1 0 )
col 22: (0 0 1 0 1 1 0 0 )
col 23: (0 1 1 1 0 0 0 0 )
col 24: (0 0 0 1 1 1 0 0 )
col 25: (0 0 1 0 0 1 0 1 )
col 26: (0 0 1 1 1 0 0 0 )
col 27: (1 0 0 0 1 0 1 0 )
col 28: (0 0 1 0 0 0 1 1 )
col 29: (1 1 1 1 1 0 0 0 )
col 30: (0 1 0 1 0 1 1 1 )
col 31: (1 0 1 0 0 1 1 1 )
col 32: (0 0 0 1 1 1 1 1 )
col 33: (0 0 1 1 0 1 1 1 )
col 34: (1 1 0 1 1 0 1 0 )
col 35: (1 1 1 0 1 1 0 0 )
col 36: (0 1 1 0 1 0 1 1 )
col 37: (0 1 1 1 1 1 0 0 )
col 38: (0 1 0 1 1 0 1 1 )
col 39: (1 0 1 1 1 0 1 0 )
col 40: (0 1 1 1 0 1 1 0 )
col 41: (1 0 1 0 1 0 1 1 )
col 42: (1 0 1 0 1 1 1 0 )
col 43: (1 1 0 1 0 0 1 1 )
col 44: (0 1 1 1 1 0 0 1 )
col 45: (1 1 1 0 1 0 0 1 )
col 46: (1 0 0 1 1 1 0 1 )
col 47: (1 0 0 0 1 1 1 1 )
col 48: (1 1 0 0 1 0 1 1 )
col 49: (1 1 1 0 0 1 0 1 )
col 50: (1 0 1 1 1 1 0 0 )
col 51: (1 0 0 1 0 1 1 1 )
col 52: (1 1 0 1 1 0 0 1 )
col 53: (1 1 1 0 0 1 1 0 )
col 54: (0 1 0 1 1 1 0 1 )
col 55: (1 0 1 1 0 0 1 1 )
col 56: (0 1 1 1 1 0 1 0 )
col 57: (0 1 1 1 0 0 1 1 )
col 58: (0 1 1 0 1 1 0 1 )
col 59: (1 0 1 1 1 0 0 1 )
col 60: (1 0 0 1 1 0 1 1 )
col 61: (1 1 1 1 0 0 0 1 )
col 62: (0 0 1 0 1 1 1 1 )
col 63: (0 1 1 0 0 1 1 1 )
col 64: (1 0 1 1 0 1 0 1 )
col 65: (1 0 0 0 0 0 0 0 )
col 66: (0 1 0 0 0 0 0 0 )
col 67: (0 0 1 0 0 0 0 0 )
col 68: (0 0 0 1 0 0 0 0 )
col 69: (0 0 0 0 1 0 0 0 )
col 70: (0 0 0 0 0 1 0 0 )
col 71: (0 0 0 0 0 0 1 0 )
col 72: (0 0 0 0 0 0 0 1 )
208 50 11 100 97 112 26 176 19 84 145 7 200 35 168 133 162 13 67 25 104 52 14 56 164 28 81 196 31 234 229 248 236 91 55 214 62 218 93 110 213 117 203 158 151 185 241 211 167 61 233 155 103 186 205 94 206 182 157 217 143 244 230 173 1 2 4 8 16 32 64 128 



=====================
Execution time: 296.026 seconds
No matrix found yet... :(


N72K64
-----------------------------------
Found @ iteration: 42 ; game = 1 
After 178.264 seconds
# Bad Cycles: 1327
# Set Bits:   272
# Max Row Weight: 38
col 1 : (0 0 1 0 1 1 0 0 )
col 2 : (1 0 1 1 0 0 0 0 )
col 3 : (1 0 0 1 0 0 1 0 )
col 4 : (0 0 1 0 1 0 0 1 )
col 5 : (0 0 0 1 0 1 1 0 )
col 6 : (1 0 0 0 0 1 0 1 )
col 7 : (0 0 0 0 1 1 0 1 )
col 8 : (0 0 1 0 0 0 1 1 )
col 9 : (1 1 1 0 0 0 0 0 )
col 10: (1 0 1 0 0 1 0 0 )
col 11: (0 1 0 0 1 1 0 0 )
col 12: (1 0 0 0 1 0 0 1 )
col 13: (0 0 0 1 1 1 0 0 )
col 14: (1 0 1 0 1 0 0 0 )
col 15: (0 1 0 1 1 0 0 0 )
col 16: (1 0 0 0 0 1 1 0 )
col 17: (1 1 0 0 0 1 0 0 )
col 18: (1 0 1 0 0 0 0 1 )
col 19: (0 0 1 0 1 0 1 0 )
col 20: (0 0 1 1 0 0 0 1 )
col 21: (0 1 0 0 0 1 1 0 )
col 22: (0 1 1 1 0 0 0 0 )
col 23: (1 1 0 1 0 0 0 0 )
col 24: (0 0 1 0 0 1 1 0 )
col 25: (0 1 0 0 1 0 1 0 )
col 26: (1 0 0 0 0 0 1 1 )
col 27: (0 0 1 0 0 1 0 1 )
col 28: (0 1 0 1 0 1 0 0 )
col 29: (0 1 1 0 1 1 1 0 )
col 30: (1 1 1 1 0 1 0 0 )
col 31: (0 1 0 1 1 0 1 1 )
col 32: (0 1 0 1 1 1 1 0 )
col 33: (1 0 1 1 1 0 0 1 )
col 34: (1 0 0 1 1 1 1 0 )
col 35: (1 1 0 0 1 0 1 1 )
col 36: (1 1 1 0 0 0 1 1 )
col 37: (1 0 1 1 1 0 1 0 )
col 38: (1 0 0 1 0 1 1 1 )
col 39: (1 0 0 1 1 1 0 1 )
col 40: (1 1 0 1 1 0 1 0 )
col 41: (1 0 1 1 0 0 1 1 )
col 42: (1 1 1 1 1 0 0 0 )
col 43: (0 0 1 0 1 1 1 1 )
col 44: (0 1 1 0 0 1 1 1 )
col 45: (1 0 0 1 1 0 1 1 )
col 46: (0 1 0 1 0 1 1 1 )
col 47: (1 1 1 1 0 0 1 0 )
col 48: (1 1 1 0 0 1 1 0 )
col 49: (1 0 1 1 0 1 0 1 )
col 50: (1 1 0 1 0 0 1 1 )
col 51: (1 0 1 0 1 1 1 0 )
col 52: (1 1 1 1 0 0 0 1 )
col 53: (1 0 1 0 0 1 1 1 )
col 54: (0 0 1 1 0 1 1 1 )
col 55: (1 1 1 0 1 1 0 0 )
col 56: (1 1 1 0 0 1 0 1 )
col 57: (1 1 0 1 0 1 1 0 )
col 58: (0 1 1 1 1 1 0 0 )
col 59: (1 1 0 0 1 1 0 1 )
col 60: (1 1 1 0 1 0 0 1 )
col 61: (1 1 0 1 0 1 0 1 )
col 62: (0 1 1 0 1 1 0 1 )
col 63: (0 0 1 1 1 1 0 1 )
col 64: (0 1 0 0 1 1 1 1 )
col 65: (1 0 0 0 0 0 0 0 )
col 66: (0 1 0 0 0 0 0 0 )
col 67: (0 0 1 0 0 0 0 0 )
col 68: (0 0 0 1 0 0 0 0 )
col 69: (0 0 0 0 1 0 0 0 )
col 70: (0 0 0 0 0 1 0 0 )
col 71: (0 0 0 0 0 0 1 0 )
col 72: (0 0 0 0 0 0 0 1 )
52 13 73 148 104 161 176 196 7 37 50 145 56 21 26 97 35 133 84 140 98 14 11 100 82 193 164 42 118 47 218 122 157 121 211 199 93 233 185 91 205 31 244 230 217 234 79 103 173 203 117 143 229 236 55 167 107 62 179 151 171 182 188 242 1 2 4 8 16 32 64 128 



N72K64
-----------------------------------
Found @ iteration: 44 ; game = 1 
After 192.132 seconds
# Bad Cycles: 1324
# Set Bits:   272
# Max Row Weight: 39
col 1 : (0 0 1 0 1 1 0 0 )
col 2 : (1 0 1 1 0 0 0 0 )
col 3 : (1 0 0 1 0 0 1 0 )
col 4 : (0 0 1 0 1 0 0 1 )
col 5 : (0 0 0 1 0 1 1 0 )
col 6 : (1 0 0 0 0 1 0 1 )
col 7 : (0 0 0 0 1 1 0 1 )
col 8 : (0 0 1 0 0 0 1 1 )
col 9 : (1 1 1 0 0 0 0 0 )
col 10: (1 0 1 0 0 1 0 0 )
col 11: (0 1 0 0 1 1 0 0 )
col 12: (1 0 0 0 1 0 0 1 )
col 13: (0 0 0 1 1 1 0 0 )
col 14: (1 0 1 0 1 0 0 0 )
col 15: (0 1 0 1 1 0 0 0 )
col 16: (1 0 0 0 0 1 1 0 )
col 17: (1 1 0 0 0 1 0 0 )
col 18: (1 0 1 0 0 0 0 1 )
col 19: (0 0 1 0 1 0 1 0 )
col 20: (0 0 1 1 0 0 0 1 )
col 21: (0 1 0 0 0 1 1 0 )
col 22: (0 1 1 1 0 0 0 0 )
col 23: (1 1 0 1 0 0 0 0 )
col 24: (0 0 1 0 0 1 1 0 )
col 25: (0 1 0 0 1 0 1 0 )
col 26: (1 0 0 0 0 0 1 1 )
col 27: (0 0 1 0 0 1 0 1 )
col 28: (0 1 0 1 0 1 0 0 )
col 29: (0 1 1 0 1 1 1 0 )
col 30: (1 1 1 1 0 1 0 0 )
col 31: (0 1 0 1 1 0 1 1 )
col 32: (0 1 0 1 1 1 1 0 )
col 33: (1 0 1 1 1 0 0 1 )
col 34: (1 0 0 1 1 1 1 0 )
col 35: (1 1 0 0 1 0 1 1 )
col 36: (1 1 1 0 0 0 1 1 )
col 37: (1 0 1 1 1 0 1 0 )
col 38: (1 0 0 1 0 1 1 1 )
col 39: (1 0 0 1 1 1 0 1 )
col 40: (1 1 0 1 1 0 1 0 )
col 41: (1 0 1 1 0 0 1 1 )
col 42: (1 1 1 1 1 0 0 0 )
col 43: (0 0 1 0 1 1 1 1 )
col 44: (1 1 1 0 0 1 0 1 )
col 45: (0 1 0 1 1 1 0 1 )
col 46: (1 1 0 1 1 0 0 1 )
col 47: (1 1 1 0 1 1 0 0 )
col 48: (0 1 1 1 0 0 1 1 )
col 49: (1 1 0 0 1 1 0 1 )
col 50: (1 1 1 1 0 0 0 1 )
col 51: (0 1 1 1 0 1 1 0 )
col 52: (1 1 1 0 0 1 1 0 )
col 53: (1 1 0 1 0 1 0 1 )
col 54: (1 0 1 0 1 1 0 1 )
col 55: (1 1 0 0 1 1 1 0 )
col 56: (1 0 1 1 1 1 0 0 )
col 57: (1 0 1 1 0 1 0 1 )
col 58: (0 1 1 1 1 0 0 1 )
col 59: (1 1 0 1 1 1 0 0 )
col 60: (1 1 0 1 0 0 1 1 )
col 61: (0 1 1 1 1 0 1 0 )
col 62: (0 0 1 1 0 1 1 1 )
col 63: (1 0 1 1 0 1 1 0 )
col 64: (1 0 1 0 1 0 1 1 )
col 65: (1 0 0 0 0 0 0 0 )
col 66: (0 1 0 0 0 0 0 0 )
col 67: (0 0 1 0 0 0 0 0 )
col 68: (0 0 0 1 0 0 0 0 )
col 69: (0 0 0 0 1 0 0 0 )
col 70: (0 0 0 0 0 1 0 0 )
col 71: (0 0 0 0 0 0 1 0 )
col 72: (0 0 0 0 0 0 0 1 )
52 13 73 148 104 161 176 196 7 37 50 145 56 21 26 97 35 133 84 140 98 14 11 100 82 193 164 42 118 47 218 122 157 121 211 199 93 233 185 91 205 31 244 167 186 155 55 206 179 143 110 103 171 181 115 61 173 158 59 203 94 236 109 213 1 2 4 8 16 32 64 128 



N72K64
-----------------------------------
Found @ iteration: 46 ; game = 1 
After 208.140 seconds
# Bad Cycles: 1291
# Set Bits:   272
# Max Row Weight: 36
col 1 : (0 0 1 0 1 1 0 0 )
col 2 : (1 0 1 1 0 0 0 0 )
col 3 : (1 0 0 1 0 0 1 0 )
col 4 : (0 0 1 0 1 0 0 1 )
col 5 : (0 0 0 1 0 1 1 0 )
col 6 : (1 0 0 0 0 1 0 1 )
col 7 : (0 0 0 0 1 1 0 1 )
col 8 : (0 0 1 0 0 0 1 1 )
col 9 : (1 1 1 0 0 0 0 0 )
col 10: (1 0 1 0 0 1 0 0 )
col 11: (0 1 0 0 1 1 0 0 )
col 12: (1 0 0 0 1 0 0 1 )
col 13: (0 0 0 1 1 1 0 0 )
col 14: (1 0 1 0 1 0 0 0 )
col 15: (0 1 0 1 1 0 0 0 )
col 16: (1 0 0 0 0 1 1 0 )
col 17: (1 1 0 0 0 1 0 0 )
col 18: (1 0 1 0 0 0 0 1 )
col 19: (0 0 1 0 1 0 1 0 )
col 20: (0 0 1 1 0 0 0 1 )
col 21: (0 1 0 0 0 1 1 0 )
col 22: (0 1 1 1 0 0 0 0 )
col 23: (1 1 0 1 0 0 0 0 )
col 24: (0 0 1 0 0 1 1 0 )
col 25: (0 1 0 0 1 0 1 0 )
col 26: (1 0 0 0 0 0 1 1 )
col 27: (0 0 1 0 0 1 0 1 )
col 28: (0 1 0 1 0 1 0 0 )
col 29: (0 1 1 0 1 1 1 0 )
col 30: (1 1 1 1 0 1 0 0 )
col 31: (0 1 0 1 1 0 1 1 )
col 32: (0 1 0 1 1 1 1 0 )
col 33: (1 0 1 1 1 0 0 1 )
col 34: (1 0 0 1 1 1 1 0 )
col 35: (1 1 0 0 1 0 1 1 )
col 36: (1 1 1 0 0 0 1 1 )
col 37: (1 0 1 1 1 0 1 0 )
col 38: (1 0 0 1 0 1 1 1 )
col 39: (1 0 0 1 1 1 0 1 )
col 40: (1 1 0 1 1 0 1 0 )
col 41: (1 0 1 1 0 0 1 1 )
col 42: (1 1 1 1 1 0 0 0 )
col 43: (0 0 1 0 1 1 1 1 )
col 44: (1 1 1 0 0 1 0 1 )
col 45: (0 1 0 1 1 1 0 1 )
col 46: (1 1 1 0 1 0 1 0 )
col 47: (1 1 0 1 1 0 0 1 )
col 48: (0 1 1 1 1 1 0 0 )
col 49: (1 0 1 0 1 1 1 0 )
col 50: (0 0 1 1 0 1 1 1 )
col 51: (0 1 1 1 1 0 0 1 )
col 52: (0 0 0 1 1 1 1 1 )
col 53: (0 1 1 0 0 1 1 1 )
col 54: (0 1 1 1 0 1 0 1 )
col 55: (1 1 1 1 0 0 1 0 )
col 56: (1 1 0 1 0 0 1 1 )
col 57: (1 1 0 0 1 1 1 0 )
col 58: (1 0 0 0 1 1 1 1 )
col 59: (0 1 0 1 0 1 1 1 )
col 60: (1 0 1 1 1 1 0 0 )
col 61: (1 1 1 1 0 0 0 1 )
col 62: (0 0 1 1 1 1 0 1 )
col 63: (1 1 1 0 1 1 0 0 )
col 64: (0 1 1 1 0 0 1 1 )
col 65: (1 0 0 0 0 0 0 0 )
col 66: (0 1 0 0 0 0 0 0 )
col 67: (0 0 1 0 0 0 0 0 )
col 68: (0 0 0 1 0 0 0 0 )
col 69: (0 0 0 0 1 0 0 0 )
col 70: (0 0 0 0 0 1 0 0 )
col 71: (0 0 0 0 0 0 1 0 )
col 72: (0 0 0 0 0 0 0 1 )
52 13 73 148 104 161 176 196 7 37 50 145 56 21 26 97 35 133 84 140 98 14 11 100 82 193 164 42 118 47 218 122 157 121 211 199 93 233 185 91 205 31 244 167 186 87 155 62 117 236 158 248 230 174 79 203 115 241 234 61 143 188 55 206 1 2 4 8 16 32 64 128 



N72K64
-----------------------------------
Found @ iteration: 58 ; game = 1 
After 274.113 seconds
# Bad Cycles: 1289
# Set Bits:   272
# Max Row Weight: 36
col 1 : (0 0 1 0 1 1 0 0 )
col 2 : (1 0 1 1 0 0 0 0 )
col 3 : (1 0 0 1 0 0 1 0 )
col 4 : (0 0 1 0 1 0 0 1 )
col 5 : (0 0 0 1 0 1 1 0 )
col 6 : (1 0 0 0 0 1 0 1 )
col 7 : (0 0 0 0 1 1 0 1 )
col 8 : (0 0 1 0 0 0 1 1 )
col 9 : (1 1 1 0 0 0 0 0 )
col 10: (1 0 1 0 0 1 0 0 )
col 11: (0 1 0 0 1 1 0 0 )
col 12: (1 0 0 0 1 0 0 1 )
col 13: (0 0 0 1 1 1 0 0 )
col 14: (1 0 1 0 1 0 0 0 )
col 15: (0 1 0 1 1 0 0 0 )
col 16: (1 0 0 0 0 1 1 0 )
col 17: (1 1 0 0 0 1 0 0 )
col 18: (1 0 1 0 0 0 0 1 )
col 19: (0 0 1 0 1 0 1 0 )
col 20: (0 0 1 1 0 0 0 1 )
col 21: (0 1 0 0 0 1 1 0 )
col 22: (0 1 1 1 0 0 0 0 )
col 23: (1 1 0 1 0 0 0 0 )
col 24: (0 0 1 0 0 1 1 0 )
col 25: (0 1 0 0 1 0 1 0 )
col 26: (1 0 0 0 0 0 1 1 )
col 27: (0 0 1 0 0 1 0 1 )
col 28: (0 1 0 1 0 1 0 0 )
col 29: (0 1 1 0 1 1 1 0 )
col 30: (1 1 1 1 0 1 0 0 )
col 31: (0 1 0 1 1 0 1 1 )
col 32: (0 1 0 1 1 1 1 0 )
col 33: (1 0 1 1 1 0 0 1 )
col 34: (1 0 0 1 1 1 1 0 )
col 35: (1 1 0 0 1 0 1 1 )
col 36: (1 1 1 0 0 0 1 1 )
col 37: (1 0 1 1 1 0 1 0 )
col 38: (1 0 0 1 0 1 1 1 )
col 39: (1 0 0 1 1 1 0 1 )
col 40: (1 1 0 1 1 0 1 0 )
col 41: (1 0 1 1 0 0 1 1 )
col 42: (1 1 1 1 1 0 0 0 )
col 43: (0 0 1 0 1 1 1 1 )
col 44: (1 1 1 0 0 1 0 1 )
col 45: (0 1 0 1 1 1 0 1 )
col 46: (1 1 1 0 1 0 1 0 )
col 47: (1 1 0 1 1 0 0 1 )
col 48: (0 1 1 1 1 1 0 0 )
col 49: (1 0 1 0 1 1 1 0 )
col 50: (0 0 1 1 0 1 1 1 )
col 51: (0 1 1 1 1 0 0 1 )
col 52: (0 0 0 1 1 1 1 1 )
col 53: (0 1 1 0 0 1 1 1 )
col 54: (0 1 1 1 0 1 0 1 )
col 55: (1 1 1 1 0 0 1 0 )
col 56: (1 1 0 1 0 0 1 1 )
col 57: (1 1 0 0 1 1 1 0 )
col 58: (1 0 1 1 1 1 0 0 )
col 59: (1 1 1 0 1 1 0 0 )
col 60: (0 0 1 1 1 1 0 1 )
col 61: (1 1 1 1 0 0 0 1 )
col 62: (1 1 0 0 1 1 0 1 )
col 63: (0 0 1 1 1 1 1 0 )
col 64: (1 0 0 0 1 1 1 1 )
col 65: (1 0 0 0 0 0 0 0 )
col 66: (0 1 0 0 0 0 0 0 )
col 67: (0 0 1 0 0 0 0 0 )
col 68: (0 0 0 1 0 0 0 0 )
col 69: (0 0 0 0 1 0 0 0 )
col 70: (0 0 0 0 0 1 0 0 )
col 71: (0 0 0 0 0 0 1 0 )
col 72: (0 0 0 0 0 0 0 1 )
52 13 73 148 104 161 176 196 7 37 50 145 56 21 26 97 35 133 84 140 98 14 11 100 82 193 164 42 118 47 218 122 157 121 211 199 93 233 185 91 205 31 244 167 186 87 155 62 117 236 158 248 230 174 79 203 115 61 55 188 143 179 124 241 1 2 4 8 16 32 64 128 



N72K64
-----------------------------------
Found @ iteration: 58 ; game = 1 
After 275.132 seconds
# Bad Cycles: 1287
# Set Bits:   272
# Max Row Weight: 37
col 1 : (0 0 1 0 1 1 0 0 )
col 2 : (1 0 1 1 0 0 0 0 )
col 3 : (1 0 0 1 0 0 1 0 )
col 4 : (0 0 1 0 1 0 0 1 )
col 5 : (0 0 0 1 0 1 1 0 )
col 6 : (1 0 0 0 0 1 0 1 )
col 7 : (0 0 0 0 1 1 0 1 )
col 8 : (0 0 1 0 0 0 1 1 )
col 9 : (1 1 1 0 0 0 0 0 )
col 10: (1 0 1 0 0 1 0 0 )
col 11: (0 1 0 0 1 1 0 0 )
col 12: (1 0 0 0 1 0 0 1 )
col 13: (0 0 0 1 1 1 0 0 )
col 14: (1 0 1 0 1 0 0 0 )
col 15: (0 1 0 1 1 0 0 0 )
col 16: (1 0 0 0 0 1 1 0 )
col 17: (1 1 0 0 0 1 0 0 )
col 18: (1 0 1 0 0 0 0 1 )
col 19: (0 0 1 0 1 0 1 0 )
col 20: (0 0 1 1 0 0 0 1 )
col 21: (0 1 0 0 0 1 1 0 )
col 22: (0 1 1 1 0 0 0 0 )
col 23: (1 1 0 1 0 0 0 0 )
col 24: (0 0 1 0 0 1 1 0 )
col 25: (0 1 0 0 1 0 1 0 )
col 26: (1 0 0 0 0 0 1 1 )
col 27: (0 0 1 0 0 1 0 1 )
col 28: (0 1 0 1 0 1 0 0 )
col 29: (0 1 1 0 1 1 1 0 )
col 30: (1 1 1 1 0 1 0 0 )
col 31: (0 1 0 1 1 0 1 1 )
col 32: (0 1 0 1 1 1 1 0 )
col 33: (1 0 1 1 1 0 0 1 )
col 34: (1 0 0 1 1 1 1 0 )
col 35: (1 1 0 0 1 0 1 1 )
col 36: (1 1 1 0 0 0 1 1 )
col 37: (1 0 1 1 1 0 1 0 )
col 38: (1 0 0 1 0 1 1 1 )
col 39: (1 0 0 1 1 1 0 1 )
col 40: (1 1 0 1 1 0 1 0 )
col 41: (1 0 1 1 0 0 1 1 )
col 42: (1 1 1 1 1 0 0 0 )
col 43: (0 0 1 0 1 1 1 1 )
col 44: (1 1 1 0 0 1 0 1 )
col 45: (0 1 0 1 1 1 0 1 )
col 46: (1 1 1 0 1 0 1 0 )
col 47: (1 1 0 1 1 0 0 1 )
col 48: (0 1 1 1 1 1 0 0 )
col 49: (1 0 1 0 1 1 1 0 )
col 50: (0 0 1 1 0 1 1 1 )
col 51: (0 1 1 1 1 0 0 1 )
col 52: (0 0 0 1 1 1 1 1 )
col 53: (0 1 1 0 0 1 1 1 )
col 54: (0 1 1 1 0 1 0 1 )
col 55: (1 1 1 1 0 0 1 0 )
col 56: (1 1 0 1 0 0 1 1 )
col 57: (1 1 0 0 1 1 1 0 )
col 58: (1 0 1 0 1 1 0 1 )
col 59: (1 1 1 0 1 1 0 0 )
col 60: (0 0 1 1 1 1 0 1 )
col 61: (1 1 0 1 1 1 0 0 )
col 62: (1 1 1 0 1 0 0 1 )
col 63: (1 0 1 1 0 1 1 0 )
col 64: (1 1 0 0 1 1 0 1 )
col 65: (1 0 0 0 0 0 0 0 )
col 66: (0 1 0 0 0 0 0 0 )
col 67: (0 0 1 0 0 0 0 0 )
col 68: (0 0 0 1 0 0 0 0 )
col 69: (0 0 0 0 1 0 0 0 )
col 70: (0 0 0 0 0 1 0 0 )
col 71: (0 0 0 0 0 0 1 0 )
col 72: (0 0 0 0 0 0 0 1 )
52 13 73 148 104 161 176 196 7 37 50 145 56 21 26 97 35 133 84 140 98 14 11 100 82 193 164 42 118 47 218 122 157 121 211 199 93 233 185 91 205 31 244 167 186 87 155 62 117 236 158 248 230 174 79 203 115 181 55 188 59 151 109 179 1 2 4 8 16 32 64 128 



N72K64
-----------------------------------
Found @ iteration: 58 ; game = 1 
After 275.832 seconds
# Bad Cycles: 1284
# Set Bits:   272
# Max Row Weight: 37
col 1 : (0 0 1 0 1 1 0 0 )
col 2 : (1 0 1 1 0 0 0 0 )
col 3 : (1 0 0 1 0 0 1 0 )
col 4 : (0 0 1 0 1 0 0 1 )
col 5 : (0 0 0 1 0 1 1 0 )
col 6 : (1 0 0 0 0 1 0 1 )
col 7 : (0 0 0 0 1 1 0 1 )
col 8 : (0 0 1 0 0 0 1 1 )
col 9 : (1 1 1 0 0 0 0 0 )
col 10: (1 0 1 0 0 1 0 0 )
col 11: (0 1 0 0 1 1 0 0 )
col 12: (1 0 0 0 1 0 0 1 )
col 13: (0 0 0 1 1 1 0 0 )
col 14: (1 0 1 0 1 0 0 0 )
col 15: (0 1 0 1 1 0 0 0 )
col 16: (1 0 0 0 0 1 1 0 )
col 17: (1 1 0 0 0 1 0 0 )
col 18: (1 0 1 0 0 0 0 1 )
col 19: (0 0 1 0 1 0 1 0 )
col 20: (0 0 1 1 0 0 0 1 )
col 21: (0 1 0 0 0 1 1 0 )
col 22: (0 1 1 1 0 0 0 0 )
col 23: (1 1 0 1 0 0 0 0 )
col 24: (0 0 1 0 0 1 1 0 )
col 25: (0 1 0 0 1 0 1 0 )
col 26: (1 0 0 0 0 0 1 1 )
col 27: (0 0 1 0 0 1 0 1 )
col 28: (0 1 0 1 0 1 0 0 )
col 29: (0 1 1 0 1 1 1 0 )
col 30: (1 1 1 1 0 1 0 0 )
col 31: (0 1 0 1 1 0 1 1 )
col 32: (0 1 0 1 1 1 1 0 )
col 33: (1 0 1 1 1 0 0 1 )
col 34: (1 0 0 1 1 1 1 0 )
col 35: (1 1 0 0 1 0 1 1 )
col 36: (1 1 1 0 0 0 1 1 )
col 37: (1 0 1 1 1 0 1 0 )
col 38: (1 0 0 1 0 1 1 1 )
col 39: (1 0 0 1 1 1 0 1 )
col 40: (1 1 0 1 1 0 1 0 )
col 41: (1 0 1 1 0 0 1 1 )
col 42: (1 1 1 1 1 0 0 0 )
col 43: (0 0 1 0 1 1 1 1 )
col 44: (1 1 1 0 0 1 0 1 )
col 45: (0 1 0 1 1 1 0 1 )
col 46: (1 1 1 0 1 0 1 0 )
col 47: (1 1 0 1 1 0 0 1 )
col 48: (0 1 1 1 1 1 0 0 )
col 49: (1 0 1 0 1 1 1 0 )
col 50: (0 0 1 1 0 1 1 1 )
col 51: (0 1 1 1 1 0 0 1 )
col 52: (0 0 0 1 1 1 1 1 )
col 53: (0 1 1 0 0 1 1 1 )
col 54: (0 1 1 1 0 1 0 1 )
col 55: (1 1 1 1 0 0 1 0 )
col 56: (1 1 0 1 0 0 1 1 )
col 57: (1 1 0 0 1 1 1 0 )
col 58: (1 0 0 0 1 1 1 1 )
col 59: (1 1 1 1 0 0 0 1 )
col 60: (1 0 1 0 0 1 1 1 )
col 61: (1 0 1 1 0 1 1 0 )
col 62: (1 1 1 0 1 1 0 0 )
col 63: (0 1 0 0 1 1 1 1 )
col 64: (1 1 0 0 1 1 0 1 )
col 65: (1 0 0 0 0 0 0 0 )
col 66: (0 1 0 0 0 0 0 0 )
col 67: (0 0 1 0 0 0 0 0 )
col 68: (0 0 0 1 0 0 0 0 )
col 69: (0 0 0 0 1 0 0 0 )
col 70: (0 0 0 0 0 1 0 0 )
col 71: (0 0 0 0 0 0 1 0 )
col 72: (0 0 0 0 0 0 0 1 )
52 13 73 148 104 161 176 196 7 37 50 145 56 21 26 97 35 133 84 140 98 14 11 100 82 193 164 42 118 47 218 122 157 121 211 199 93 233 185 91 205 31 244 167 186 87 155 62 117 236 158 248 230 174 79 203 115 241 143 229 109 55 242 179 1 2 4 8 16 32 64 128 



N72K64
-----------------------------------
Found @ iteration: 59 ; game = 1 
After 276.862 seconds
# Bad Cycles: 1282
# Set Bits:   272
# Max Row Weight: 36
col 1 : (0 0 1 0 1 1 0 0 )
col 2 : (1 0 1 1 0 0 0 0 )
col 3 : (1 0 0 1 0 0 1 0 )
col 4 : (0 0 1 0 1 0 0 1 )
col 5 : (0 0 0 1 0 1 1 0 )
col 6 : (1 0 0 0 0 1 0 1 )
col 7 : (0 0 0 0 1 1 0 1 )
col 8 : (0 0 1 0 0 0 1 1 )
col 9 : (1 1 1 0 0 0 0 0 )
col 10: (1 0 1 0 0 1 0 0 )
col 11: (0 1 0 0 1 1 0 0 )
col 12: (1 0 0 0 1 0 0 1 )
col 13: (0 0 0 1 1 1 0 0 )
col 14: (1 0 1 0 1 0 0 0 )
col 15: (0 1 0 1 1 0 0 0 )
col 16: (1 0 0 0 0 1 1 0 )
col 17: (1 1 0 0 0 1 0 0 )
col 18: (1 0 1 0 0 0 0 1 )
col 19: (0 0 1 0 1 0 1 0 )
col 20: (0 0 1 1 0 0 0 1 )
col 21: (0 1 0 0 0 1 1 0 )
col 22: (0 1 1 1 0 0 0 0 )
col 23: (1 1 0 1 0 0 0 0 )
col 24: (0 0 1 0 0 1 1 0 )
col 25: (0 1 0 0 1 0 1 0 )
col 26: (1 0 0 0 0 0 1 1 )
col 27: (0 0 1 0 0 1 0 1 )
col 28: (0 1 0 1 0 1 0 0 )
col 29: (0 1 1 0 1 1 1 0 )
col 30: (1 1 1 1 0 1 0 0 )
col 31: (0 1 0 1 1 0 1 1 )
col 32: (0 1 0 1 1 1 1 0 )
col 33: (1 0 1 1 1 0 0 1 )
col 34: (1 0 0 1 1 1 1 0 )
col 35: (1 1 0 0 1 0 1 1 )
col 36: (1 1 1 0 0 0 1 1 )
col 37: (1 0 1 1 1 0 1 0 )
col 38: (1 0 0 1 0 1 1 1 )
col 39: (1 0 0 1 1 1 0 1 )
col 40: (1 1 0 1 1 0 1 0 )
col 41: (1 0 1 1 0 0 1 1 )
col 42: (1 1 1 1 1 0 0 0 )
col 43: (0 0 1 0 1 1 1 1 )
col 44: (1 1 1 0 0 1 0 1 )
col 45: (0 1 0 1 1 1 0 1 )
col 46: (1 1 1 0 1 0 1 0 )
col 47: (1 1 0 1 1 0 0 1 )
col 48: (0 1 1 1 1 1 0 0 )
col 49: (1 0 1 0 1 1 1 0 )
col 50: (0 0 1 1 0 1 1 1 )
col 51: (0 1 1 1 1 0 0 1 )
col 52: (0 0 0 1 1 1 1 1 )
col 53: (0 1 1 0 0 1 1 1 )
col 54: (0 1 1 1 0 1 0 1 )
col 55: (1 1 1 1 0 0 1 0 )
col 56: (1 1 0 1 0 0 1 1 )
col 57: (1 1 0 0 1 1 1 0 )
col 58: (1 0 0 0 1 1 1 1 )
col 59: (1 1 1 1 0 0 0 1 )
col 60: (1 0 1 0 0 1 1 1 )
col 61: (1 1 0 1 1 1 0 0 )
col 62: (0 1 1 1 0 1 1 0 )
col 63: (0 0 1 1 1 1 1 0 )
col 64: (1 1 0 0 1 1 0 1 )
col 65: (1 0 0 0 0 0 0 0 )
col 66: (0 1 0 0 0 0 0 0 )
col 67: (0 0 1 0 0 0 0 0 )
col 68: (0 0 0 1 0 0 0 0 )
col 69: (0 0 0 0 1 0 0 0 )
col 70: (0 0 0 0 0 1 0 0 )
col 71: (0 0 0 0 0 0 1 0 )
col 72: (0 0 0 0 0 0 0 1 )
52 13 73 148 104 161 176 196 7 37 50 145 56 21 26 97 35 133 84 140 98 14 11 100 82 193 164 42 118 47 218 122 157 121 211 199 93 233 185 91 205 31 244 167 186 87 155 62 117 236 158 248 230 174 79 203 115 241 143 229 59 110 124 179 1 2 4 8 16 32 64 128 



N72K64
-----------------------------------
Found @ iteration: 60 ; game = 1 
After 281.034 seconds
# Bad Cycles: 1281
# Set Bits:   272
# Max Row Weight: 36
col 1 : (0 0 1 0 1 1 0 0 )
col 2 : (1 0 1 1 0 0 0 0 )
col 3 : (1 0 0 1 0 0 1 0 )
col 4 : (0 0 1 0 1 0 0 1 )
col 5 : (0 0 0 1 0 1 1 0 )
col 6 : (1 0 0 0 0 1 0 1 )
col 7 : (0 0 0 0 1 1 0 1 )
col 8 : (0 0 1 0 0 0 1 1 )
col 9 : (1 1 1 0 0 0 0 0 )
col 10: (1 0 1 0 0 1 0 0 )
col 11: (0 1 0 0 1 1 0 0 )
col 12: (1 0 0 0 1 0 0 1 )
col 13: (0 0 0 1 1 1 0 0 )
col 14: (1 0 1 0 1 0 0 0 )
col 15: (0 1 0 1 1 0 0 0 )
col 16: (1 0 0 0 0 1 1 0 )
col 17: (1 1 0 0 0 1 0 0 )
col 18: (1 0 1 0 0 0 0 1 )
col 19: (0 0 1 0 1 0 1 0 )
col 20: (0 0 1 1 0 0 0 1 )
col 21: (0 1 0 0 0 1 1 0 )
col 22: (0 1 1 1 0 0 0 0 )
col 23: (1 1 0 1 0 0 0 0 )
col 24: (0 0 1 0 0 1 1 0 )
col 25: (0 1 0 0 1 0 1 0 )
col 26: (1 0 0 0 0 0 1 1 )
col 27: (0 0 1 0 0 1 0 1 )
col 28: (0 1 0 1 0 1 0 0 )
col 29: (0 1 1 0 1 1 1 0 )
col 30: (1 1 1 1 0 1 0 0 )
col 31: (0 1 0 1 1 0 1 1 )
col 32: (0 1 0 1 1 1 1 0 )
col 33: (1 0 1 1 1 0 0 1 )
col 34: (1 0 0 1 1 1 1 0 )
col 35: (1 1 0 0 1 0 1 1 )
col 36: (1 1 1 0 0 0 1 1 )
col 37: (1 0 1 1 1 0 1 0 )
col 38: (1 0 0 1 0 1 1 1 )
col 39: (1 0 0 1 1 1 0 1 )
col 40: (1 1 0 1 1 0 1 0 )
col 41: (1 0 1 1 0 0 1 1 )
col 42: (1 1 1 1 1 0 0 0 )
col 43: (0 0 1 0 1 1 1 1 )
col 44: (1 1 1 0 0 1 0 1 )
col 45: (0 1 0 1 1 1 0 1 )
col 46: (1 1 1 0 1 0 1 0 )
col 47: (1 1 0 1 1 0 0 1 )
col 48: (0 1 1 1 1 1 0 0 )
col 49: (1 0 1 0 1 1 1 0 )
col 50: (0 0 1 1 0 1 1 1 )
col 51: (0 1 1 1 1 0 0 1 )
col 52: (0 0 0 1 1 1 1 1 )
col 53: (0 1 1 0 0 1 1 1 )
col 54: (0 1 1 1 0 1 0 1 )
col 55: (1 1 1 1 0 0 1 0 )
col 56: (1 1 0 1 0 0 1 1 )
col 57: (1 1 0 0 1 1 1 0 )
col 58: (1 0 0 0 1 1 1 1 )
col 59: (1 1 1 1 0 0 0 1 )
col 60: (1 1 0 1 0 1 0 1 )
col 61: (1 0 1 0 0 1 1 1 )
col 62: (0 1 1 1 0 1 1 0 )
col 63: (0 0 1 1 1 1 1 0 )
col 64: (1 1 0 0 1 1 0 1 )
col 65: (1 0 0 0 0 0 0 0 )
col 66: (0 1 0 0 0 0 0 0 )
col 67: (0 0 1 0 0 0 0 0 )
col 68: (0 0 0 1 0 0 0 0 )
col 69: (0 0 0 0 1 0 0 0 )
col 70: (0 0 0 0 0 1 0 0 )
col 71: (0 0 0 0 0 0 1 0 )
col 72: (0 0 0 0 0 0 0 1 )
52 13 73 148 104 161 176 196 7 37 50 145 56 21 26 97 35 133 84 140 98 14 11 100 82 193 164 42 118 47 218 122 157 121 211 199 93 233 185 91 205 31 244 167 186 87 155 62 117 236 158 248 230 174 79 203 115 241 143 171 229 110 124 179 1 2 4 8 16 32 64 128 



N72K64
-----------------------------------
Found @ iteration: 60 ; game = 1 
After 281.388 seconds
# Bad Cycles: 1280
# Set Bits:   272
# Max Row Weight: 36
col 1 : (0 0 1 0 1 1 0 0 )
col 2 : (1 0 1 1 0 0 0 0 )
col 3 : (1 0 0 1 0 0 1 0 )
col 4 : (0 0 1 0 1 0 0 1 )
col 5 : (0 0 0 1 0 1 1 0 )
col 6 : (1 0 0 0 0 1 0 1 )
col 7 : (0 0 0 0 1 1 0 1 )
col 8 : (0 0 1 0 0 0 1 1 )
col 9 : (1 1 1 0 0 0 0 0 )
col 10: (1 0 1 0 0 1 0 0 )
col 11: (0 1 0 0 1 1 0 0 )
col 12: (1 0 0 0 1 0 0 1 )
col 13: (0 0 0 1 1 1 0 0 )
col 14: (1 0 1 0 1 0 0 0 )
col 15: (0 1 0 1 1 0 0 0 )
col 16: (1 0 0 0 0 1 1 0 )
col 17: (1 1 0 0 0 1 0 0 )
col 18: (1 0 1 0 0 0 0 1 )
col 19: (0 0 1 0 1 0 1 0 )
col 20: (0 0 1 1 0 0 0 1 )
col 21: (0 1 0 0 0 1 1 0 )
col 22: (0 1 1 1 0 0 0 0 )
col 23: (1 1 0 1 0 0 0 0 )
col 24: (0 0 1 0 0 1 1 0 )
col 25: (0 1 0 0 1 0 1 0 )
col 26: (1 0 0 0 0 0 1 1 )
col 27: (0 0 1 0 0 1 0 1 )
col 28: (0 1 0 1 0 1 0 0 )
col 29: (0 1 1 0 1 1 1 0 )
col 30: (1 1 1 1 0 1 0 0 )
col 31: (0 1 0 1 1 0 1 1 )
col 32: (0 1 0 1 1 1 1 0 )
col 33: (1 0 1 1 1 0 0 1 )
col 34: (1 0 0 1 1 1 1 0 )
col 35: (1 1 0 0 1 0 1 1 )
col 36: (1 1 1 0 0 0 1 1 )
col 37: (1 0 1 1 1 0 1 0 )
col 38: (1 0 0 1 0 1 1 1 )
col 39: (1 0 0 1 1 1 0 1 )
col 40: (1 1 0 1 1 0 1 0 )
col 41: (1 0 1 1 0 0 1 1 )
col 42: (1 1 1 1 1 0 0 0 )
col 43: (0 0 1 0 1 1 1 1 )
col 44: (1 1 1 0 0 1 0 1 )
col 45: (0 1 0 1 1 1 0 1 )
col 46: (1 1 1 0 1 0 1 0 )
col 47: (1 1 0 1 1 0 0 1 )
col 48: (0 1 1 1 1 1 0 0 )
col 49: (1 0 1 0 1 1 1 0 )
col 50: (0 0 1 1 0 1 1 1 )
col 51: (0 1 1 1 1 0 0 1 )
col 52: (0 0 0 1 1 1 1 1 )
col 53: (0 1 1 0 0 1 1 1 )
col 54: (0 1 1 1 0 1 0 1 )
col 55: (1 1 1 1 0 0 1 0 )
col 56: (1 1 0 1 0 0 1 1 )
col 57: (1 1 0 0 1 1 1 0 )
col 58: (1 0 0 0 1 1 1 1 )
col 59: (1 1 1 1 0 0 0 1 )
col 60: (1 1 0 1 0 1 0 1 )
col 61: (0 0 1 1 1 1 1 0 )
col 62: (0 1 1 0 1 1 0 1 )
col 63: (1 1 0 1 1 1 0 0 )
col 64: (1 1 0 0 1 1 0 1 )
col 65: (1 0 0 0 0 0 0 0 )
col 66: (0 1 0 0 0 0 0 0 )
col 67: (0 0 1 0 0 0 0 0 )
col 68: (0 0 0 1 0 0 0 0 )
col 69: (0 0 0 0 1 0 0 0 )
col 70: (0 0 0 0 0 1 0 0 )
col 71: (0 0 0 0 0 0 1 0 )
col 72: (0 0 0 0 0 0 0 1 )
52 13 73 148 104 161 176 196 7 37 50 145 56 21 26 97 35 133 84 140 98 14 11 100 82 193 164 42 118 47 218 122 157 121 211 199 93 233 185 91 205 31 244 167 186 87 155 62 117 236 158 248 230 174 79 203 115 241 143 171 124 182 59 179 1 2 4 8 16 32 64 128 



N72K64
-----------------------------------
Found @ iteration: 61 ; game = 1 
After 284.226 seconds
# Bad Cycles: 1277
# Set Bits:   272
# Max Row Weight: 36
col 1 : (0 0 1 0 1 1 0 0 )
col 2 : (1 0 1 1 0 0 0 0 )
col 3 : (1 0 0 1 0 0 1 0 )
col 4 : (0 0 1 0 1 0 0 1 )
col 5 : (0 0 0 1 0 1 1 0 )
col 6 : (1 0 0 0 0 1 0 1 )
col 7 : (0 0 0 0 1 1 0 1 )
col 8 : (0 0 1 0 0 0 1 1 )
col 9 : (1 1 1 0 0 0 0 0 )
col 10: (1 0 1 0 0 1 0 0 )
col 11: (0 1 0 0 1 1 0 0 )
col 12: (1 0 0 0 1 0 0 1 )
col 13: (0 0 0 1 1 1 0 0 )
col 14: (1 0 1 0 1 0 0 0 )
col 15: (0 1 0 1 1 0 0 0 )
col 16: (1 0 0 0 0 1 1 0 )
col 17: (1 1 0 0 0 1 0 0 )
col 18: (1 0 1 0 0 0 0 1 )
col 19: (0 0 1 0 1 0 1 0 )
col 20: (0 0 1 1 0 0 0 1 )
col 21: (0 1 0 0 0 1 1 0 )
col 22: (0 1 1 1 0 0 0 0 )
col 23: (1 1 0 1 0 0 0 0 )
col 24: (0 0 1 0 0 1 1 0 )
col 25: (0 1 0 0 1 0 1 0 )
col 26: (1 0 0 0 0 0 1 1 )
col 27: (0 0 1 0 0 1 0 1 )
col 28: (0 1 0 1 0 1 0 0 )
col 29: (0 1 1 0 1 1 1 0 )
col 30: (1 1 1 1 0 1 0 0 )
col 31: (0 1 0 1 1 0 1 1 )
col 32: (0 1 0 1 1 1 1 0 )
col 33: (1 0 1 1 1 0 0 1 )
col 34: (1 0 0 1 1 1 1 0 )
col 35: (1 1 0 0 1 0 1 1 )
col 36: (1 1 1 0 0 0 1 1 )
col 37: (1 0 1 1 1 0 1 0 )
col 38: (1 0 0 1 0 1 1 1 )
col 39: (1 0 0 1 1 1 0 1 )
col 40: (1 1 0 1 1 0 1 0 )
col 41: (1 0 1 1 0 0 1 1 )
col 42: (1 1 1 1 1 0 0 0 )
col 43: (0 0 1 0 1 1 1 1 )
col 44: (1 1 1 0 0 1 0 1 )
col 45: (0 1 0 1 1 1 0 1 )
col 46: (1 1 1 0 1 0 1 0 )
col 47: (1 1 0 1 1 0 0 1 )
col 48: (0 1 1 1 1 1 0 0 )
col 49: (1 0 1 0 1 1 1 0 )
col 50: (0 0 1 1 0 1 1 1 )
col 51: (0 1 1 1 1 0 0 1 )
col 52: (0 0 0 1 1 1 1 1 )
col 53: (0 1 1 0 0 1 1 1 )
col 54: (0 1 1 1 0 1 0 1 )
col 55: (1 1 1 1 0 0 1 0 )
col 56: (1 1 0 1 0 0 1 1 )
col 57: (1 1 0 0 1 1 1 0 )
col 58: (1 0 0 0 1 1 1 1 )
col 59: (1 1 1 1 0 0 0 1 )
col 60: (1 1 0 1 0 1 0 1 )
col 61: (0 0 1 1 1 1 1 0 )
col 62: (1 1 0 0 1 1 0 1 )
col 63: (1 1 0 1 1 1 0 0 )
col 64: (0 0 1 1 1 1 0 1 )
col 65: (1 0 0 0 0 0 0 0 )
col 66: (0 1 0 0 0 0 0 0 )
col 67: (0 0 1 0 0 0 0 0 )
col 68: (0 0 0 1 0 0 0 0 )
col 69: (0 0 0 0 1 0 0 0 )
col 70: (0 0 0 0 0 1 0 0 )
col 71: (0 0 0 0 0 0 1 0 )
col 72: (0 0 0 0 0 0 0 1 )
52 13 73 148 104 161 176 196 7 37 50 145 56 21 26 97 35 133 84 140 98 14 11 100 82 193 164 42 118 47 218 122 157 121 211 199 93 233 185 91 205 31 244 167 186 87 155 62 117 236 158 248 230 174 79 203 115 241 143 171 124 179 59 188 1 2 4 8 16 32 64 128 



=====================
Execution time: 286.551 seconds
No matrix found yet... :(


N72K64
-----------------------------------
Found @ iteration: 45 ; game = 1 
After 221.462 seconds
# Bad Cycles: 1322
# Set Bits:   272
# Max Row Weight: 40
col 1 : (1 0 1 1 0 0 0 0 )
col 2 : (1 1 0 0 1 0 0 0 )
col 3 : (1 0 0 0 1 0 0 1 )
col 4 : (0 1 1 0 0 1 0 0 )
col 5 : (1 0 0 1 0 0 1 0 )
col 6 : (0 0 1 0 1 1 0 0 )
col 7 : (1 1 0 1 0 0 0 0 )
col 8 : (1 0 0 1 0 1 0 0 )
col 9 : (1 0 0 0 0 0 1 1 )
col 10: (1 0 0 1 1 0 0 0 )
col 11: (0 1 1 1 0 0 0 0 )
col 12: (1 0 0 0 0 1 0 1 )
col 13: (0 0 1 0 0 1 0 1 )
col 14: (0 0 0 1 1 0 0 1 )
col 15: (1 0 0 0 1 0 1 0 )
col 16: (0 0 0 1 1 1 0 0 )
col 17: (0 0 0 0 1 1 0 1 )
col 18: (1 0 1 0 0 1 0 0 )
col 19: (0 0 0 1 0 1 1 0 )
col 20: (1 1 0 0 0 0 0 1 )
col 21: (0 1 0 0 0 1 1 0 )
col 22: (1 0 0 0 1 1 0 0 )
col 23: (1 1 1 0 0 0 0 0 )
col 24: (0 1 0 1 1 0 0 0 )
col 25: (0 0 1 0 1 0 0 1 )
col 26: (0 0 0 1 1 0 1 0 )
col 27: (1 1 0 0 0 0 1 0 )
col 28: (0 0 1 0 0 1 1 0 )
col 29: (0 1 1 0 1 1 0 1 )
col 30: (1 0 0 1 1 1 0 1 )
col 31: (1 1 1 0 1 0 1 0 )
col 32: (1 1 0 0 0 1 1 1 )
col 33: (1 0 0 0 1 1 1 1 )
col 34: (1 0 1 0 1 0 1 1 )
col 35: (1 1 1 1 1 0 0 0 )
col 36: (0 1 1 1 1 0 1 0 )
col 37: (1 1 0 1 0 1 0 1 )
col 38: (1 0 1 1 0 0 1 1 )
col 39: (1 1 0 1 1 1 0 0 )
col 40: (1 1 1 1 0 1 0 0 )
col 41: (1 1 0 1 1 0 1 0 )
col 42: (0 0 1 1 1 0 1 1 )
col 43: (0 1 1 0 0 1 1 1 )
col 44: (1 1 0 0 1 1 0 1 )
col 45: (1 0 1 0 1 1 1 0 )
col 46: (0 1 1 1 0 0 1 1 )
col 47: (1 1 1 0 1 1 0 0 )
col 48: (0 1 1 1 0 1 1 0 )
col 49: (0 1 0 0 1 1 1 1 )
col 50: (1 1 1 1 0 0 1 0 )
col 51: (1 0 1 0 0 1 1 1 )
col 52: (0 1 0 1 1 1 0 1 )
col 53: (0 1 1 1 1 1 0 0 )
col 54: (1 0 0 1 1 0 1 1 )
col 55: (0 1 0 1 0 1 1 1 )
col 56: (1 1 1 0 0 0 1 1 )
col 57: (1 0 1 1 1 1 0 0 )
col 58: (0 0 0 1 1 1 1 1 )
col 59: (1 0 1 1 1 0 0 1 )
col 60: (1 1 1 0 1 0 0 1 )
col 61: (1 1 0 1 0 0 1 1 )
col 62: (1 1 1 1 0 0 0 1 )
col 63: (0 0 1 0 1 1 1 1 )
col 64: (1 0 1 1 0 1 1 0 )
col 65: (1 0 0 0 0 0 0 0 )
col 66: (0 1 0 0 0 0 0 0 )
col 67: (0 0 1 0 0 0 0 0 )
col 68: (0 0 0 1 0 0 0 0 )
col 69: (0 0 0 0 1 0 0 0 )
col 70: (0 0 0 0 0 1 0 0 )
col 71: (0 0 0 0 0 0 1 0 )
col 72: (0 0 0 0 0 0 0 1 )
13 19 145 38 73 52 11 41 193 25 14 161 164 152 81 56 176 37 104 131 98 49 7 26 148 88 67 100 182 185 87 227 241 213 31 94 171 205 59 47 91 220 230 179 117 206 55 110 242 79 229 186 62 217 234 199 61 248 157 151 203 143 244 109 1 2 4 8 16 32 64 128 



N72K64
-----------------------------------
Found @ iteration: 47 ; game = 1 
After 241.820 seconds
# Bad Cycles: 1319
# Set Bits:   272
# Max Row Weight: 40
col 1 : (1 0 1 1 0 0 0 0 )
col 2 : (1 1 0 0 1 0 0 0 )
col 3 : (1 0 0 0 1 0 0 1 )
col 4 : (0 1 1 0 0 1 0 0 )
col 5 : (1 0 0 1 0 0 1 0 )
col 6 : (0 0 1 0 1 1 0 0 )
col 7 : (1 1 0 1 0 0 0 0 )
col 8 : (1 0 0 1 0 1 0 0 )
col 9 : (1 0 0 0 0 0 1 1 )
col 10: (1 0 0 1 1 0 0 0 )
col 11: (0 1 1 1 0 0 0 0 )
col 12: (1 0 0 0 0 1 0 1 )
col 13: (0 0 1 0 0 1 0 1 )
col 14: (0 0 0 1 1 0 0 1 )
col 15: (1 0 0 0 1 0 1 0 )
col 16: (0 0 0 1 1 1 0 0 )
col 17: (0 0 0 0 1 1 0 1 )
col 18: (1 0 1 0 0 1 0 0 )
col 19: (0 0 0 1 0 1 1 0 )
col 20: (1 1 0 0 0 0 0 1 )
col 21: (0 1 0 0 0 1 1 0 )
col 22: (1 0 0 0 1 1 0 0 )
col 23: (1 1 1 0 0 0 0 0 )
col 24: (0 1 0 1 1 0 0 0 )
col 25: (0 0 1 0 1 0 0 1 )
col 26: (0 0 0 1 1 0 1 0 )
col 27: (1 1 0 0 0 0 1 0 )
col 28: (0 0 1 0 0 1 1 0 )
col 29: (0 1 1 0 1 1 0 1 )
col 30: (1 0 0 1 1 1 0 1 )
col 31: (1 1 1 0 1 0 1 0 )
col 32: (1 1 0 0 0 1 1 1 )
col 33: (1 0 0 0 1 1 1 1 )
col 34: (1 0 1 0 1 0 1 1 )
col 35: (1 1 1 1 1 0 0 0 )
col 36: (0 1 1 1 1 0 1 0 )
col 37: (1 1 0 1 0 1 0 1 )
col 38: (1 0 1 1 0 0 1 1 )
col 39: (1 1 0 1 1 1 0 0 )
col 40: (1 1 1 1 0 1 0 0 )
col 41: (1 1 0 1 1 0 1 0 )
col 42: (0 0 1 1 1 0 1 1 )
col 43: (0 1 1 0 0 1 1 1 )
col 44: (1 1 0 0 1 1 0 1 )
col 45: (1 0 1 0 1 1 1 0 )
col 46: (0 1 1 1 0 0 1 1 )
col 47: (1 1 1 0 1 0 0 1 )
col 48: (0 0 1 1 1 1 0 1 )
col 49: (1 1 1 0 0 1 1 0 )
col 50: (0 0 1 1 0 1 1 1 )
col 51: (1 0 1 1 1 0 0 1 )
col 52: (0 1 1 1 0 1 0 1 )
col 53: (0 1 0 1 0 1 1 1 )
col 54: (1 0 1 1 0 1 0 1 )
col 55: (1 1 1 0 1 1 0 0 )
col 56: (1 0 1 1 1 1 0 0 )
col 57: (1 1 0 0 1 1 1 0 )
col 58: (1 1 1 1 0 0 0 1 )
col 59: (1 1 0 1 0 1 1 0 )
col 60: (0 1 0 1 1 1 1 0 )
col 61: (1 1 1 1 0 0 1 0 )
col 62: (0 1 1 1 1 0 0 1 )
col 63: (1 1 1 0 0 1 0 1 )
col 64: (0 0 0 1 1 1 1 1 )
col 65: (1 0 0 0 0 0 0 0 )
col 66: (0 1 0 0 0 0 0 0 )
col 67: (0 0 1 0 0 0 0 0 )
col 68: (0 0 0 1 0 0 0 0 )
col 69: (0 0 0 0 1 0 0 0 )
col 70: (0 0 0 0 0 1 0 0 )
col 71: (0 0 0 0 0 0 1 0 )
col 72: (0 0 0 0 0 0 0 1 )
13 19 145 38 73 52 11 41 193 25 14 161 164 152 81 56 176 37 104 131 98 49 7 26 148 88 67 100 182 185 87 227 241 213 31 94 171 205 59 47 91 220 230 179 117 206 151 188 103 236 157 174 234 173 55 61 115 143 107 122 79 158 167 248 1 2 4 8 16 32 64 128 



N72K64
-----------------------------------
Found @ iteration: 52 ; game = 1 
After 270.795 seconds
# Bad Cycles: 1303
# Set Bits:   272
# Max Row Weight: 41
col 1 : (1 0 1 1 0 0 0 0 )
col 2 : (1 1 0 0 1 0 0 0 )
col 3 : (1 0 0 0 1 0 0 1 )
col 4 : (0 1 1 0 0 1 0 0 )
col 5 : (1 0 0 1 0 0 1 0 )
col 6 : (0 0 1 0 1 1 0 0 )
col 7 : (1 1 0 1 0 0 0 0 )
col 8 : (1 0 0 1 0 1 0 0 )
col 9 : (1 0 0 0 0 0 1 1 )
col 10: (1 0 0 1 1 0 0 0 )
col 11: (0 1 1 1 0 0 0 0 )
col 12: (1 0 0 0 0 1 0 1 )
col 13: (0 0 1 0 0 1 0 1 )
col 14: (0 0 0 1 1 0 0 1 )
col 15: (1 0 0 0 1 0 1 0 )
col 16: (0 0 0 1 1 1 0 0 )
col 17: (0 0 0 0 1 1 0 1 )
col 18: (1 0 1 0 0 1 0 0 )
col 19: (0 0 0 1 0 1 1 0 )
col 20: (1 1 0 0 0 0 0 1 )
col 21: (0 1 0 0 0 1 1 0 )
col 22: (1 0 0 0 1 1 0 0 )
col 23: (1 1 1 0 0 0 0 0 )
col 24: (0 1 0 1 1 0 0 0 )
col 25: (0 0 1 0 1 0 0 1 )
col 26: (0 0 0 1 1 0 1 0 )
col 27: (1 1 0 0 0 0 1 0 )
col 28: (0 0 1 0 0 1 1 0 )
col 29: (0 1 1 0 1 1 0 1 )
col 30: (1 0 0 1 1 1 0 1 )
col 31: (1 1 1 0 1 0 1 0 )
col 32: (1 1 0 0 0 1 1 1 )
col 33: (1 0 0 0 1 1 1 1 )
col 34: (1 0 1 0 1 0 1 1 )
col 35: (1 1 1 1 1 0 0 0 )
col 36: (0 1 1 1 1 0 1 0 )
col 37: (1 1 0 1 0 1 0 1 )
col 38: (1 0 1 1 0 0 1 1 )
col 39: (1 1 0 1 1 1 0 0 )
col 40: (1 1 1 1 0 1 0 0 )
col 41: (1 1 0 1 1 0 1 0 )
col 42: (0 0 1 1 1 0 1 1 )
col 43: (0 1 1 0 0 1 1 1 )
col 44: (1 1 0 0 1 1 0 1 )
col 45: (1 0 1 0 1 1 1 0 )
col 46: (0 1 1 1 0 0 1 1 )
col 47: (1 1 1 0 1 0 0 1 )
col 48: (0 0 1 1 1 1 0 1 )
col 49: (1 1 1 0 0 1 1 0 )
col 50: (0 0 1 1 0 1 1 1 )
col 51: (1 0 1 1 1 0 0 1 )
col 52: (1 0 0 1 1 1 1 0 )
col 53: (1 1 0 0 1 1 1 0 )
col 54: (1 0 1 1 1 1 0 0 )
col 55: (0 1 1 1 1 0 0 1 )
col 56: (1 0 1 0 0 1 1 1 )
col 57: (0 1 1 1 0 1 0 1 )
col 58: (0 1 1 0 1 0 1 1 )
col 59: (1 1 1 0 0 0 1 1 )
col 60: (1 1 1 0 1 1 0 0 )
col 61: (1 0 1 1 0 1 0 1 )
col 62: (1 0 0 1 0 1 1 1 )
col 63: (1 1 0 1 1 0 0 1 )
col 64: (0 0 0 1 1 1 1 1 )
col 65: (1 0 0 0 0 0 0 0 )
col 66: (0 1 0 0 0 0 0 0 )
col 67: (0 0 1 0 0 0 0 0 )
col 68: (0 0 0 1 0 0 0 0 )
col 69: (0 0 0 0 1 0 0 0 )
col 70: (0 0 0 0 0 1 0 0 )
col 71: (0 0 0 0 0 0 1 0 )
col 72: (0 0 0 0 0 0 0 1 )
13 19 145 38 73 52 11 41 193 25 14 161 164 152 81 56 176 37 104 131 98 49 7 26 148 88 67 100 182 185 87 227 241 213 31 94 171 205 59 47 91 220 230 179 117 206 151 188 103 236 157 121 115 61 158 229 174 214 199 55 173 233 155 248 1 2 4 8 16 32 64 128 



N72K64
-----------------------------------
Found @ iteration: 58 ; game = 1 
After 308.418 seconds
# Bad Cycles: 1302
# Set Bits:   272
# Max Row Weight: 42
col 1 : (1 0 1 1 0 0 0 0 )
col 2 : (1 1 0 0 1 0 0 0 )
col 3 : (1 0 0 0 1 0 0 1 )
col 4 : (0 1 1 0 0 1 0 0 )
col 5 : (1 0 0 1 0 0 1 0 )
col 6 : (0 0 1 0 1 1 0 0 )
col 7 : (1 1 0 1 0 0 0 0 )
col 8 : (1 0 0 1 0 1 0 0 )
col 9 : (1 0 0 0 0 0 1 1 )
col 10: (1 0 0 1 1 0 0 0 )
col 11: (0 1 1 1 0 0 0 0 )
col 12: (1 0 0 0 0 1 0 1 )
col 13: (0 0 1 0 0 1 0 1 )
col 14: (0 0 0 1 1 0 0 1 )
col 15: (1 0 0 0 1 0 1 0 )
col 16: (0 0 0 1 1 1 0 0 )
col 17: (0 0 0 0 1 1 0 1 )
col 18: (1 0 1 0 0 1 0 0 )
col 19: (0 0 0 1 0 1 1 0 )
col 20: (1 1 0 0 0 0 0 1 )
col 21: (0 1 0 0 0 1 1 0 )
col 22: (1 0 0 0 1 1 0 0 )
col 23: (1 1 1 0 0 0 0 0 )
col 24: (0 1 0 1 1 0 0 0 )
col 25: (0 0 1 0 1 0 0 1 )
col 26: (0 0 0 1 1 0 1 0 )
col 27: (1 1 0 0 0 0 1 0 )
col 28: (0 0 1 0 0 1 1 0 )
col 29: (0 1 1 0 1 1 0 1 )
col 30: (1 0 0 1 1 1 0 1 )
col 31: (1 1 1 0 1 0 1 0 )
col 32: (1 1 0 0 0 1 1 1 )
col 33: (1 0 0 0 1 1 1 1 )
col 34: (1 0 1 0 1 0 1 1 )
col 35: (1 1 1 1 1 0 0 0 )
col 36: (0 1 1 1 1 0 1 0 )
col 37: (1 1 0 1 0 1 0 1 )
col 38: (1 0 1 1 0 0 1 1 )
col 39: (1 1 0 1 1 1 0 0 )
col 40: (1 1 1 1 0 1 0 0 )
col 41: (1 1 0 1 1 0 1 0 )
col 42: (0 0 1 1 1 0 1 1 )
col 43: (0 1 1 0 0 1 1 1 )
col 44: (1 1 0 0 1 1 0 1 )
col 45: (1 0 1 0 1 1 1 0 )
col 46: (0 1 1 1 0 0 1 1 )
col 47: (1 1 1 0 1 0 0 1 )
col 48: (0 0 1 1 1 1 0 1 )
col 49: (1 1 1 0 0 1 1 0 )
col 50: (0 0 1 1 0 1 1 1 )
col 51: (1 0 1 1 1 0 0 1 )
col 52: (1 0 0 1 1 1 1 0 )
col 53: (1 1 0 0 1 1 1 0 )
col 54: (1 0 1 1 1 1 0 0 )
col 55: (0 1 1 1 1 0 0 1 )
col 56: (1 0 1 0 0 1 1 1 )
col 57: (0 1 1 1 0 1 0 1 )
col 58: (1 1 0 1 0 0 1 1 )
col 59: (1 1 1 0 1 1 0 0 )
col 60: (1 1 0 1 1 0 0 1 )
col 61: (1 0 0 1 0 1 1 1 )
col 62: (1 0 1 1 0 1 0 1 )
col 63: (1 1 1 0 0 0 1 1 )
col 64: (0 1 1 0 1 0 1 1 )
col 65: (1 0 0 0 0 0 0 0 )
col 66: (0 1 0 0 0 0 0 0 )
col 67: (0 0 1 0 0 0 0 0 )
col 68: (0 0 0 1 0 0 0 0 )
col 69: (0 0 0 0 1 0 0 0 )
col 70: (0 0 0 0 0 1 0 0 )
col 71: (0 0 0 0 0 0 1 0 )
col 72: (0 0 0 0 0 0 0 1 )
13 19 145 38 73 52 11 41 193 25 14 161 164 152 81 56 176 37 104 131 98 49 7 26 148 88 67 100 182 185 87 227 241 213 31 94 171 205 59 47 91 220 230 179 117 206 151 188 103 236 157 121 115 61 158 229 174 203 55 155 233 173 199 214 1 2 4 8 16 32 64 128 



N72K64
-----------------------------------
Found @ iteration: 59 ; game = 1 
After 310.660 seconds
# Bad Cycles: 1300
# Set Bits:   272
# Max Row Weight: 41
col 1 : (1 0 1 1 0 0 0 0 )
col 2 : (1 1 0 0 1 0 0 0 )
col 3 : (1 0 0 0 1 0 0 1 )
col 4 : (0 1 1 0 0 1 0 0 )
col 5 : (1 0 0 1 0 0 1 0 )
col 6 : (0 0 1 0 1 1 0 0 )
col 7 : (1 1 0 1 0 0 0 0 )
col 8 : (1 0 0 1 0 1 0 0 )
col 9 : (1 0 0 0 0 0 1 1 )
col 10: (1 0 0 1 1 0 0 0 )
col 11: (0 1 1 1 0 0 0 0 )
col 12: (1 0 0 0 0 1 0 1 )
col 13: (0 0 1 0 0 1 0 1 )
col 14: (0 0 0 1 1 0 0 1 )
col 15: (1 0 0 0 1 0 1 0 )
col 16: (0 0 0 1 1 1 0 0 )
col 17: (0 0 0 0 1 1 0 1 )
col 18: (1 0 1 0 0 1 0 0 )
col 19: (0 0 0 1 0 1 1 0 )
col 20: (1 1 0 0 0 0 0 1 )
col 21: (0 1 0 0 0 1 1 0 )
col 22: (1 0 0 0 1 1 0 0 )
col 23: (1 1 1 0 0 0 0 0 )
col 24: (0 1 0 1 1 0 0 0 )
col 25: (0 0 1 0 1 0 0 1 )
col 26: (0 0 0 1 1 0 1 0 )
col 27: (1 1 0 0 0 0 1 0 )
col 28: (0 0 1 0 0 1 1 0 )
col 29: (0 1 1 0 1 1 0 1 )
col 30: (1 0 0 1 1 1 0 1 )
col 31: (1 1 1 0 1 0 1 0 )
col 32: (1 1 0 0 0 1 1 1 )
col 33: (1 0 0 0 1 1 1 1 )
col 34: (1 0 1 0 1 0 1 1 )
col 35: (1 1 1 1 1 0 0 0 )
col 36: (0 1 1 1 1 0 1 0 )
col 37: (1 1 0 1 0 1 0 1 )
col 38: (1 0 1 1 0 0 1 1 )
col 39: (1 1 0 1 1 1 0 0 )
col 40: (1 1 1 1 0 1 0 0 )
col 41: (1 1 0 1 1 0 1 0 )
col 42: (0 0 1 1 1 0 1 1 )
col 43: (0 1 1 0 0 1 1 1 )
col 44: (1 1 0 0 1 1 0 1 )
col 45: (1 0 1 0 1 1 1 0 )
col 46: (0 1 1 1 0 0 1 1 )
col 47: (1 1 1 0 1 0 0 1 )
col 48: (0 0 1 1 1 1 0 1 )
col 49: (1 1 1 0 0 1 1 0 )
col 50: (0 0 1 1 0 1 1 1 )
col 51: (1 0 1 1 1 0 0 1 )
col 52: (1 0 0 1 1 1 1 0 )
col 53: (1 1 0 0 1 1 1 0 )
col 54: (1 0 1 1 1 1 0 0 )
col 55: (0 1 1 1 1 0 0 1 )
col 56: (1 0 1 0 0 1 1 1 )
col 57: (0 1 1 1 0 1 0 1 )
col 58: (1 1 0 1 0 0 1 1 )
col 59: (1 1 1 1 0 0 0 1 )
col 60: (0 1 0 1 1 1 0 1 )
col 61: (1 0 1 1 0 1 1 0 )
col 62: (1 1 1 0 0 0 1 1 )
col 63: (1 1 0 1 1 0 0 1 )
col 64: (0 0 0 1 1 1 1 1 )
col 65: (1 0 0 0 0 0 0 0 )
col 66: (0 1 0 0 0 0 0 0 )
col 67: (0 0 1 0 0 0 0 0 )
col 68: (0 0 0 1 0 0 0 0 )
col 69: (0 0 0 0 1 0 0 0 )
col 70: (0 0 0 0 0 1 0 0 )
col 71: (0 0 0 0 0 0 1 0 )
col 72: (0 0 0 0 0 0 0 1 )
13 19 145 38 73 52 11 41 193 25 14 161 164 152 81 56 176 37 104 131 98 49 7 26 148 88 67 100 182 185 87 227 241 213 31 94 171 205 59 47 91 220 230 179 117 206 151 188 103 236 157 121 115 61 158 229 174 203 143 186 109 199 155 248 1 2 4 8 16 32 64 128 



N72K64
-----------------------------------
Found @ iteration: 60 ; game = 1 
After 313.525 seconds
# Bad Cycles: 1299
# Set Bits:   272
# Max Row Weight: 41
col 1 : (1 0 1 1 0 0 0 0 )
col 2 : (1 1 0 0 1 0 0 0 )
col 3 : (1 0 0 0 1 0 0 1 )
col 4 : (0 1 1 0 0 1 0 0 )
col 5 : (1 0 0 1 0 0 1 0 )
col 6 : (0 0 1 0 1 1 0 0 )
col 7 : (1 1 0 1 0 0 0 0 )
col 8 : (1 0 0 1 0 1 0 0 )
col 9 : (1 0 0 0 0 0 1 1 )
col 10: (1 0 0 1 1 0 0 0 )
col 11: (0 1 1 1 0 0 0 0 )
col 12: (1 0 0 0 0 1 0 1 )
col 13: (0 0 1 0 0 1 0 1 )
col 14: (0 0 0 1 1 0 0 1 )
col 15: (1 0 0 0 1 0 1 0 )
col 16: (0 0 0 1 1 1 0 0 )
col 17: (0 0 0 0 1 1 0 1 )
col 18: (1 0 1 0 0 1 0 0 )
col 19: (0 0 0 1 0 1 1 0 )
col 20: (1 1 0 0 0 0 0 1 )
col 21: (0 1 0 0 0 1 1 0 )
col 22: (1 0 0 0 1 1 0 0 )
col 23: (1 1 1 0 0 0 0 0 )
col 24: (0 1 0 1 1 0 0 0 )
col 25: (0 0 1 0 1 0 0 1 )
col 26: (0 0 0 1 1 0 1 0 )
col 27: (1 1 0 0 0 0 1 0 )
col 28: (0 0 1 0 0 1 1 0 )
col 29: (0 1 1 0 1 1 0 1 )
col 30: (1 0 0 1 1 1 0 1 )
col 31: (1 1 1 0 1 0 1 0 )
col 32: (1 1 0 0 0 1 1 1 )
col 33: (1 0 0 0 1 1 1 1 )
col 34: (1 0 1 0 1 0 1 1 )
col 35: (1 1 1 1 1 0 0 0 )
col 36: (0 1 1 1 1 0 1 0 )
col 37: (1 1 0 1 0 1 0 1 )
col 38: (1 0 1 1 0 0 1 1 )
col 39: (1 1 0 1 1 1 0 0 )
col 40: (1 1 1 1 0 1 0 0 )
col 41: (1 1 0 1 1 0 1 0 )
col 42: (0 0 1 1 1 0 1 1 )
col 43: (0 1 1 0 0 1 1 1 )
col 44: (1 1 0 0 1 1 0 1 )
col 45: (1 0 1 0 1 1 1 0 )
col 46: (0 1 1 1 0 0 1 1 )
col 47: (1 1 1 0 1 0 0 1 )
col 48: (0 0 1 1 1 1 0 1 )
col 49: (1 1 1 0 0 1 1 0 )
col 50: (0 0 1 1 0 1 1 1 )
col 51: (1 0 1 1 1 0 0 1 )
col 52: (1 0 0 1 1 1 1 0 )
col 53: (1 1 0 0 1 1 1 0 )
col 54: (1 0 1 1 1 1 0 0 )
col 55: (0 1 1 1 1 0 0 1 )
col 56: (1 0 1 0 0 1 1 1 )
col 57: (0 1 1 1 0 1 0 1 )
col 58: (1 1 0 1 0 0 1 1 )
col 59: (1 1 1 1 0 0 0 1 )
col 60: (1 1 1 0 0 1 0 1 )
col 61: (0 1 0 1 1 1 1 0 )
col 62: (1 0 1 1 0 1 0 1 )
col 63: (1 1 1 0 0 0 1 1 )
col 64: (0 1 0 0 1 1 1 1 )
col 65: (1 0 0 0 0 0 0 0 )
col 66: (0 1 0 0 0 0 0 0 )
col 67: (0 0 1 0 0 0 0 0 )
col 68: (0 0 0 1 0 0 0 0 )
col 69: (0 0 0 0 1 0 0 0 )
col 70: (0 0 0 0 0 1 0 0 )
col 71: (0 0 0 0 0 0 1 0 )
col 72: (0 0 0 0 0 0 0 1 )
13 19 145 38 73 52 11 41 193 25 14 161 164 152 81 56 176 37 104 131 98 49 7 26 148 88 67 100 182 185 87 227 241 213 31 94 171 205 59 47 91 220 230 179 117 206 151 188 103 236 157 121 115 61 158 229 174 203 143 167 122 173 199 242 1 2 4 8 16 32 64 128 



N72K64
-----------------------------------
Found @ iteration: 60 ; game = 1 
After 314.903 seconds
# Bad Cycles: 1297
# Set Bits:   272
# Max Row Weight: 42
col 1 : (1 0 1 1 0 0 0 0 )
col 2 : (1 1 0 0 1 0 0 0 )
col 3 : (1 0 0 0 1 0 0 1 )
col 4 : (0 1 1 0 0 1 0 0 )
col 5 : (1 0 0 1 0 0 1 0 )
col 6 : (0 0 1 0 1 1 0 0 )
col 7 : (1 1 0 1 0 0 0 0 )
col 8 : (1 0 0 1 0 1 0 0 )
col 9 : (1 0 0 0 0 0 1 1 )
col 10: (1 0 0 1 1 0 0 0 )
col 11: (0 1 1 1 0 0 0 0 )
col 12: (1 0 0 0 0 1 0 1 )
col 13: (0 0 1 0 0 1 0 1 )
col 14: (0 0 0 1 1 0 0 1 )
col 15: (1 0 0 0 1 0 1 0 )
col 16: (0 0 0 1 1 1 0 0 )
col 17: (0 0 0 0 1 1 0 1 )
col 18: (1 0 1 0 0 1 0 0 )
col 19: (0 0 0 1 0 1 1 0 )
col 20: (1 1 0 0 0 0 0 1 )
col 21: (0 1 0 0 0 1 1 0 )
col 22: (1 0 0 0 1 1 0 0 )
col 23: (1 1 1 0 0 0 0 0 )
col 24: (0 1 0 1 1 0 0 0 )
col 25: (0 0 1 0 1 0 0 1 )
col 26: (0 0 0 1 1 0 1 0 )
col 27: (1 1 0 0 0 0 1 0 )
col 28: (0 0 1 0 0 1 1 0 )
col 29: (0 1 1 0 1 1 0 1 )
col 30: (1 0 0 1 1 1 0 1 )
col 31: (1 1 1 0 1 0 1 0 )
col 32: (1 1 0 0 0 1 1 1 )
col 33: (1 0 0 0 1 1 1 1 )
col 34: (1 0 1 0 1 0 1 1 )
col 35: (1 1 1 1 1 0 0 0 )
col 36: (0 1 1 1 1 0 1 0 )
col 37: (1 1 0 1 0 1 0 1 )
col 38: (1 0 1 1 0 0 1 1 )
col 39: (1 1 0 1 1 1 0 0 )
col 40: (1 1 1 1 0 1 0 0 )
col 41: (1 1 0 1 1 0 1 0 )
col 42: (0 0 1 1 1 0 1 1 )
col 43: (0 1 1 0 0 1 1 1 )
col 44: (1 1 0 0 1 1 0 1 )
col 45: (1 0 1 0 1 1 1 0 )
col 46: (0 1 1 1 0 0 1 1 )
col 47: (1 1 1 0 1 0 0 1 )
col 48: (0 0 1 1 1 1 0 1 )
col 49: (1 1 1 0 0 1 1 0 )
col 50: (0 0 1 1 0 1 1 1 )
col 51: (1 0 1 1 1 0 0 1 )
col 52: (1 0 0 1 1 1 1 0 )
col 53: (1 1 0 0 1 1 1 0 )
col 54: (1 0 1 1 1 1 0 0 )
col 55: (0 1 1 1 1 0 0 1 )
col 56: (1 0 1 0 0 1 1 1 )
col 57: (0 1 1 1 0 1 0 1 )
col 58: (1 1 0 1 0 0 1 1 )
col 59: (1 1 1 1 0 0 0 1 )
col 60: (1 0 1 1 0 1 1 0 )
col 61: (1 1 1 0 0 0 1 1 )
col 62: (1 0 0 1 0 1 1 1 )
col 63: (0 0 0 1 1 1 1 1 )
col 64: (1 1 0 1 1 0 0 1 )
col 65: (1 0 0 0 0 0 0 0 )
col 66: (0 1 0 0 0 0 0 0 )
col 67: (0 0 1 0 0 0 0 0 )
col 68: (0 0 0 1 0 0 0 0 )
col 69: (0 0 0 0 1 0 0 0 )
col 70: (0 0 0 0 0 1 0 0 )
col 71: (0 0 0 0 0 0 1 0 )
col 72: (0 0 0 0 0 0 0 1 )
13 19 145 38 73 52 11 41 193 25 14 161 164 152 81 56 176 37 104 131 98 49 7 26 148 88 67 100 182 185 87 227 241 213 31 94 171 205 59 47 91 220 230 179 117 206 151 188 103 236 157 121 115 61 158 229 174 203 143 109 199 233 248 155 1 2 4 8 16 32 64 128 



N72K64
-----------------------------------
Found @ iteration: 62 ; game = 1 
After 318.014 seconds
# Bad Cycles: 1294
# Set Bits:   272
# Max Row Weight: 42
col 1 : (1 0 1 1 0 0 0 0 )
col 2 : (1 1 0 0 1 0 0 0 )
col 3 : (1 0 0 0 1 0 0 1 )
col 4 : (0 1 1 0 0 1 0 0 )
col 5 : (1 0 0 1 0 0 1 0 )
col 6 : (0 0 1 0 1 1 0 0 )
col 7 : (1 1 0 1 0 0 0 0 )
col 8 : (1 0 0 1 0 1 0 0 )
col 9 : (1 0 0 0 0 0 1 1 )
col 10: (1 0 0 1 1 0 0 0 )
col 11: (0 1 1 1 0 0 0 0 )
col 12: (1 0 0 0 0 1 0 1 )
col 13: (0 0 1 0 0 1 0 1 )
col 14: (0 0 0 1 1 0 0 1 )
col 15: (1 0 0 0 1 0 1 0 )
col 16: (0 0 0 1 1 1 0 0 )
col 17: (0 0 0 0 1 1 0 1 )
col 18: (1 0 1 0 0 1 0 0 )
col 19: (0 0 0 1 0 1 1 0 )
col 20: (1 1 0 0 0 0 0 1 )
col 21: (0 1 0 0 0 1 1 0 )
col 22: (1 0 0 0 1 1 0 0 )
col 23: (1 1 1 0 0 0 0 0 )
col 24: (0 1 0 1 1 0 0 0 )
col 25: (0 0 1 0 1 0 0 1 )
col 26: (0 0 0 1 1 0 1 0 )
col 27: (1 1 0 0 0 0 1 0 )
col 28: (0 0 1 0 0 1 1 0 )
col 29: (0 1 1 0 1 1 0 1 )
col 30: (1 0 0 1 1 1 0 1 )
col 31: (1 1 1 0 1 0 1 0 )
col 32: (1 1 0 0 0 1 1 1 )
col 33: (1 0 0 0 1 1 1 1 )
col 34: (1 0 1 0 1 0 1 1 )
col 35: (1 1 1 1 1 0 0 0 )
col 36: (0 1 1 1 1 0 1 0 )
col 37: (1 1 0 1 0 1 0 1 )
col 38: (1 0 1 1 0 0 1 1 )
col 39: (1 1 0 1 1 1 0 0 )
col 40: (1 1 1 1 0 1 0 0 )
col 41: (1 1 0 1 1 0 1 0 )
col 42: (0 0 1 1 1 0 1 1 )
col 43: (0 1 1 0 0 1 1 1 )
col 44: (1 1 0 0 1 1 0 1 )
col 45: (1 0 1 0 1 1 1 0 )
col 46: (0 1 1 1 0 0 1 1 )
col 47: (1 1 1 0 1 0 0 1 )
col 48: (0 0 1 1 1 1 0 1 )
col 49: (1 1 1 0 0 1 1 0 )
col 50: (0 0 1 1 0 1 1 1 )
col 51: (1 0 1 1 1 0 0 1 )
col 52: (1 0 0 1 1 1 1 0 )
col 53: (1 1 0 0 1 1 1 0 )
col 54: (1 0 1 1 1 1 0 0 )
col 55: (0 1 1 1 1 0 0 1 )
col 56: (1 0 1 0 0 1 1 1 )
col 57: (0 1 1 1 0 1 0 1 )
col 58: (1 1 0 1 0 0 1 1 )
col 59: (1 1 1 1 0 0 0 1 )
col 60: (1 0 1 1 0 1 1 0 )
col 61: (1 1 1 0 0 0 1 1 )
col 62: (1 0 1 1 0 1 0 1 )
col 63: (1 1 1 0 1 1 0 0 )
col 64: (0 0 0 1 1 1 1 1 )
col 65: (1 0 0 0 0 0 0 0 )
col 66: (0 1 0 0 0 0 0 0 )
col 67: (0 0 1 0 0 0 0 0 )
col 68: (0 0 0 1 0 0 0 0 )
col 69: (0 0 0 0 1 0 0 0 )
col 70: (0 0 0 0 0 1 0 0 )
col 71: (0 0 0 0 0 0 1 0 )
col 72: (0 0 0 0 0 0 0 1 )
13 19 145 38 73 52 11 41 193 25 14 161 164 152 81 56 176 37 104 131 98 49 7 26 148 88 67 100 182 185 87 227 241 213 31 94 171 205 59 47 91 220 230 179 117 206 151 188 103 236 157 121 115 61 158 229 174 203 143 109 199 173 55 248 1 2 4 8 16 32 64 128 



=====================
Execution time: 319.597 seconds
