No matrix found yet... :(


N72K64
-----------------------------------
Found @ iteration: 47 ; game = 1 
After 632.291 seconds
# Bad Cycles: 1327
# Set Bits:   272
# Max Row Weight: 38
col 1 : (0 1 0 1 0 0 0 1 )
col 2 : (1 1 0 1 0 0 0 0 )
col 3 : (1 0 0 1 0 0 1 0 )
col 4 : (1 0 1 0 1 0 0 0 )
col 5 : (1 0 0 0 1 0 1 0 )
col 6 : (1 0 1 0 0 1 0 0 )
col 7 : (0 0 0 1 1 0 1 0 )
col 8 : (0 1 1 0 1 0 0 0 )
col 9 : (0 0 0 0 1 1 0 1 )
col 10: (0 0 1 0 1 1 0 0 )
col 11: (0 0 1 1 1 0 0 0 )
col 12: (0 1 0 0 1 0 0 1 )
col 13: (0 0 1 1 0 0 1 0 )
col 14: (1 1 0 0 0 0 1 0 )
col 15: (0 1 0 0 1 0 1 0 )
col 16: (1 0 0 0 0 1 0 1 )
col 17: (0 1 0 0 0 1 1 0 )
col 18: (1 1 0 0 1 0 0 0 )
col 19: (0 1 0 1 1 0 0 0 )
col 20: (1 0 0 0 0 1 1 0 )
col 21: (0 1 1 0 0 0 0 1 )
col 22: (0 0 0 1 0 1 1 0 )
col 23: (1 0 1 0 0 0 0 1 )
col 24: (0 0 1 0 1 0 1 0 )
col 25: (0 1 0 0 0 1 0 1 )
col 26: (0 1 0 0 1 1 0 0 )
col 27: (0 0 0 1 1 0 0 1 )
col 28: (1 1 0 0 0 1 0 0 )
col 29: (1 1 0 0 1 1 1 0 )
col 30: (0 1 1 1 0 1 0 1 )
col 31: (1 0 1 1 0 0 1 1 )
col 32: (0 1 0 1 1 1 1 0 )
col 33: (0 1 1 0 1 0 1 1 )
col 34: (0 1 0 1 0 1 1 1 )
col 35: (1 0 0 1 1 1 1 0 )
col 36: (0 1 1 0 0 1 1 1 )
col 37: (1 1 1 1 0 1 0 0 )
col 38: (1 1 1 0 0 0 1 1 )
col 39: (1 1 1 1 0 0 1 0 )
col 40: (0 1 0 1 1 1 0 1 )
col 41: (1 1 1 1 1 0 0 0 )
col 42: (1 1 1 0 1 0 1 0 )
col 43: (1 0 1 1 0 1 1 0 )
col 44: (1 1 1 1 0 0 0 1 )
col 45: (1 0 1 1 1 0 1 0 )
col 46: (1 1 1 0 1 1 0 0 )
col 47: (0 0 1 1 0 1 1 1 )
col 48: (1 0 1 0 1 0 1 1 )
col 49: (1 1 1 0 0 1 1 0 )
col 50: (0 1 0 0 1 1 1 1 )
col 51: (1 0 1 0 0 1 1 1 )
col 52: (1 0 0 0 1 1 1 1 )
col 53: (1 1 0 0 1 0 1 1 )
col 54: (0 1 1 1 1 0 0 1 )
col 55: (0 0 0 1 1 1 1 1 )
col 56: (1 1 1 0 1 0 0 1 )
col 57: (0 1 1 1 0 0 1 1 )
col 58: (1 1 0 1 0 1 0 1 )
col 59: (1 0 1 0 1 1 0 1 )
col 60: (1 1 0 1 1 0 0 1 )
col 61: (0 1 0 1 1 0 1 1 )
col 62: (1 0 0 1 0 1 1 1 )
col 63: (0 0 1 1 1 1 0 1 )
col 64: (0 1 1 0 1 1 1 0 )
col 65: (1 0 0 0 0 0 0 0 )
col 66: (0 1 0 0 0 0 0 0 )
col 67: (0 0 1 0 0 0 0 0 )
col 68: (0 0 0 1 0 0 0 0 )
col 69: (0 0 0 0 1 0 0 0 )
col 70: (0 0 0 0 0 1 0 0 )
col 71: (0 0 0 0 0 0 1 0 )
col 72: (0 0 0 0 0 0 0 1 )
138 11 73 21 81 37 88 22 176 52 28 146 76 67 82 161 98 19 26 97 134 104 133 84 162 50 152 35 115 174 205 122 214 234 121 230 47 199 79 186 31 87 109 143 93 55 236 213 103 242 229 241 211 158 248 151 206 171 181 155 218 233 188 118 1 2 4 8 16 32 64 128 



N72K64
-----------------------------------
Found @ iteration: 47 ; game = 1 
After 632.824 seconds
# Bad Cycles: 1323
# Set Bits:   272
# Max Row Weight: 38
col 1 : (0 1 0 1 0 0 0 1 )
col 2 : (1 1 0 1 0 0 0 0 )
col 3 : (1 0 0 1 0 0 1 0 )
col 4 : (1 0 1 0 1 0 0 0 )
col 5 : (1 0 0 0 1 0 1 0 )
col 6 : (1 0 1 0 0 1 0 0 )
col 7 : (0 0 0 1 1 0 1 0 )
col 8 : (0 1 1 0 1 0 0 0 )
col 9 : (0 0 0 0 1 1 0 1 )
col 10: (0 0 1 0 1 1 0 0 )
col 11: (0 0 1 1 1 0 0 0 )
col 12: (0 1 0 0 1 0 0 1 )
col 13: (0 0 1 1 0 0 1 0 )
col 14: (1 1 0 0 0 0 1 0 )
col 15: (0 1 0 0 1 0 1 0 )
col 16: (1 0 0 0 0 1 0 1 )
col 17: (0 1 0 0 0 1 1 0 )
col 18: (1 1 0 0 1 0 0 0 )
col 19: (0 1 0 1 1 0 0 0 )
col 20: (1 0 0 0 0 1 1 0 )
col 21: (0 1 1 0 0 0 0 1 )
col 22: (0 0 0 1 0 1 1 0 )
col 23: (1 0 1 0 0 0 0 1 )
col 24: (0 0 1 0 1 0 1 0 )
col 25: (0 1 0 0 0 1 0 1 )
col 26: (0 1 0 0 1 1 0 0 )
col 27: (0 0 0 1 1 0 0 1 )
col 28: (1 1 0 0 0 1 0 0 )
col 29: (1 1 0 0 1 1 1 0 )
col 30: (0 1 1 1 0 1 0 1 )
col 31: (1 0 1 1 0 0 1 1 )
col 32: (0 1 0 1 1 1 1 0 )
col 33: (0 1 1 0 1 0 1 1 )
col 34: (0 1 0 1 0 1 1 1 )
col 35: (1 0 0 1 1 1 1 0 )
col 36: (0 1 1 0 0 1 1 1 )
col 37: (1 1 1 1 0 1 0 0 )
col 38: (1 1 1 0 0 0 1 1 )
col 39: (1 1 1 1 0 0 1 0 )
col 40: (0 1 0 1 1 1 0 1 )
col 41: (1 1 1 1 1 0 0 0 )
col 42: (1 1 1 0 1 0 1 0 )
col 43: (1 0 1 1 0 1 1 0 )
col 44: (1 1 1 1 0 0 0 1 )
col 45: (1 0 1 1 1 0 1 0 )
col 46: (1 1 1 0 1 1 0 0 )
col 47: (0 0 1 1 1 1 0 1 )
col 48: (1 1 0 1 0 1 0 1 )
col 49: (1 1 1 0 0 1 1 0 )
col 50: (1 0 1 0 0 1 1 1 )
col 51: (1 0 0 0 1 1 1 1 )
col 52: (1 1 0 1 1 1 0 0 )
col 53: (0 0 1 1 0 1 1 1 )
col 54: (1 0 1 0 1 1 1 0 )
col 55: (0 1 1 1 1 0 0 1 )
col 56: (1 1 0 1 0 0 1 1 )
col 57: (1 0 1 1 0 1 0 1 )
col 58: (0 0 1 0 1 1 1 1 )
col 59: (1 1 1 0 0 1 0 1 )
col 60: (1 0 0 1 1 0 1 1 )
col 61: (0 1 1 1 1 0 1 0 )
col 62: (1 1 0 1 1 0 0 1 )
col 63: (1 1 0 0 0 1 1 1 )
col 64: (0 1 1 1 0 0 1 1 )
col 65: (1 0 0 0 0 0 0 0 )
col 66: (0 1 0 0 0 0 0 0 )
col 67: (0 0 1 0 0 0 0 0 )
col 68: (0 0 0 1 0 0 0 0 )
col 69: (0 0 0 0 1 0 0 0 )
col 70: (0 0 0 0 0 1 0 0 )
col 71: (0 0 0 0 0 0 1 0 )
col 72: (0 0 0 0 0 0 0 1 )
138 11 73 21 81 37 88 22 176 52 28 146 76 67 82 161 98 19 26 97 134 104 133 84 162 50 152 35 115 174 205 122 214 234 121 230 47 199 79 186 31 87 109 143 93 55 188 171 103 229 241 59 236 117 158 203 173 244 167 217 94 155 227 206 1 2 4 8 16 32 64 128 



N72K64
-----------------------------------
Found @ iteration: 48 ; game = 1 
After 634.799 seconds
# Bad Cycles: 1318
# Set Bits:   272
# Max Row Weight: 38
col 1 : (0 1 0 1 0 0 0 1 )
col 2 : (1 1 0 1 0 0 0 0 )
col 3 : (1 0 0 1 0 0 1 0 )
col 4 : (1 0 1 0 1 0 0 0 )
col 5 : (1 0 0 0 1 0 1 0 )
col 6 : (1 0 1 0 0 1 0 0 )
col 7 : (0 0 0 1 1 0 1 0 )
col 8 : (0 1 1 0 1 0 0 0 )
col 9 : (0 0 0 0 1 1 0 1 )
col 10: (0 0 1 0 1 1 0 0 )
col 11: (0 0 1 1 1 0 0 0 )
col 12: (0 1 0 0 1 0 0 1 )
col 13: (0 0 1 1 0 0 1 0 )
col 14: (1 1 0 0 0 0 1 0 )
col 15: (0 1 0 0 1 0 1 0 )
col 16: (1 0 0 0 0 1 0 1 )
col 17: (0 1 0 0 0 1 1 0 )
col 18: (1 1 0 0 1 0 0 0 )
col 19: (0 1 0 1 1 0 0 0 )
col 20: (1 0 0 0 0 1 1 0 )
col 21: (0 1 1 0 0 0 0 1 )
col 22: (0 0 0 1 0 1 1 0 )
col 23: (1 0 1 0 0 0 0 1 )
col 24: (0 0 1 0 1 0 1 0 )
col 25: (0 1 0 0 0 1 0 1 )
col 26: (0 1 0 0 1 1 0 0 )
col 27: (0 0 0 1 1 0 0 1 )
col 28: (1 1 0 0 0 1 0 0 )
col 29: (1 1 0 0 1 1 1 0 )
col 30: (0 1 1 1 0 1 0 1 )
col 31: (1 0 1 1 0 0 1 1 )
col 32: (0 1 0 1 1 1 1 0 )
col 33: (0 1 1 0 1 0 1 1 )
col 34: (0 1 0 1 0 1 1 1 )
col 35: (1 0 0 1 1 1 1 0 )
col 36: (0 1 1 0 0 1 1 1 )
col 37: (1 1 1 1 0 1 0 0 )
col 38: (1 1 1 0 0 0 1 1 )
col 39: (1 1 1 1 0 0 1 0 )
col 40: (0 1 0 1 1 1 0 1 )
col 41: (1 1 1 1 1 0 0 0 )
col 42: (1 1 1 0 1 0 1 0 )
col 43: (1 0 1 1 0 1 1 0 )
col 44: (1 1 1 1 0 0 0 1 )
col 45: (1 0 1 1 1 0 1 0 )
col 46: (1 1 1 0 1 1 0 0 )
col 47: (0 0 1 1 1 1 0 1 )
col 48: (1 0 0 1 1 0 1 1 )
col 49: (0 1 1 1 1 0 1 0 )
col 50: (1 1 0 0 1 0 1 1 )
col 51: (0 0 0 1 1 1 1 1 )
col 52: (1 1 0 1 1 0 1 0 )
col 53: (1 0 1 0 0 1 1 1 )
col 54: (1 1 0 0 1 1 0 1 )
col 55: (0 0 1 1 1 0 1 1 )
col 56: (1 0 1 0 1 1 1 0 )
col 57: (1 0 0 1 0 1 1 1 )
col 58: (1 1 0 1 1 0 0 1 )
col 59: (1 0 1 1 0 1 0 1 )
col 60: (0 1 1 0 1 1 1 0 )
col 61: (1 0 1 1 1 1 0 0 )
col 62: (1 0 1 1 1 0 0 1 )
col 63: (0 0 1 0 1 1 1 1 )
col 64: (1 1 0 1 0 0 1 1 )
col 65: (1 0 0 0 0 0 0 0 )
col 66: (0 1 0 0 0 0 0 0 )
col 67: (0 0 1 0 0 0 0 0 )
col 68: (0 0 0 1 0 0 0 0 )
col 69: (0 0 0 0 1 0 0 0 )
col 70: (0 0 0 0 0 1 0 0 )
col 71: (0 0 0 0 0 0 1 0 )
col 72: (0 0 0 0 0 0 0 1 )
138 11 73 21 81 37 88 22 176 52 28 146 76 67 82 161 98 19 26 97 134 104 133 84 162 50 152 35 115 174 205 122 214 234 121 230 47 199 79 186 31 87 109 143 93 55 188 217 94 211 248 91 229 179 220 117 233 155 173 118 61 157 244 203 1 2 4 8 16 32 64 128 



N72K64
-----------------------------------
Found @ iteration: 48 ; game = 1 
After 645.635 seconds
# Bad Cycles: 1311
# Set Bits:   272
# Max Row Weight: 39
col 1 : (0 1 0 1 0 0 0 1 )
col 2 : (1 1 0 1 0 0 0 0 )
col 3 : (1 0 0 1 0 0 1 0 )
col 4 : (1 0 1 0 1 0 0 0 )
col 5 : (1 0 0 0 1 0 1 0 )
col 6 : (1 0 1 0 0 1 0 0 )
col 7 : (0 0 0 1 1 0 1 0 )
col 8 : (0 1 1 0 1 0 0 0 )
col 9 : (0 0 0 0 1 1 0 1 )
col 10: (0 0 1 0 1 1 0 0 )
col 11: (0 0 1 1 1 0 0 0 )
col 12: (0 1 0 0 1 0 0 1 )
col 13: (0 0 1 1 0 0 1 0 )
col 14: (1 1 0 0 0 0 1 0 )
col 15: (0 1 0 0 1 0 1 0 )
col 16: (1 0 0 0 0 1 0 1 )
col 17: (0 1 0 0 0 1 1 0 )
col 18: (1 1 0 0 1 0 0 0 )
col 19: (0 1 0 1 1 0 0 0 )
col 20: (1 0 0 0 0 1 1 0 )
col 21: (0 1 1 0 0 0 0 1 )
col 22: (0 0 0 1 0 1 1 0 )
col 23: (1 0 1 0 0 0 0 1 )
col 24: (0 0 1 0 1 0 1 0 )
col 25: (0 1 0 0 0 1 0 1 )
col 26: (0 1 0 0 1 1 0 0 )
col 27: (0 0 0 1 1 0 0 1 )
col 28: (1 1 0 0 0 1 0 0 )
col 29: (1 1 0 0 1 1 1 0 )
col 30: (0 1 1 1 0 1 0 1 )
col 31: (1 0 1 1 0 0 1 1 )
col 32: (0 1 0 1 1 1 1 0 )
col 33: (0 1 1 0 1 0 1 1 )
col 34: (0 1 0 1 0 1 1 1 )
col 35: (1 0 0 1 1 1 1 0 )
col 36: (0 1 1 0 0 1 1 1 )
col 37: (1 1 1 1 0 1 0 0 )
col 38: (1 1 1 0 0 0 1 1 )
col 39: (1 1 1 1 0 0 1 0 )
col 40: (0 1 0 1 1 1 0 1 )
col 41: (1 1 1 1 1 0 0 0 )
col 42: (1 1 1 0 1 0 1 0 )
col 43: (1 0 1 1 0 1 1 0 )
col 44: (1 1 1 1 0 0 0 1 )
col 45: (1 0 1 1 1 0 1 0 )
col 46: (1 1 1 0 1 1 0 0 )
col 47: (0 0 1 1 1 1 0 1 )
col 48: (1 1 0 0 0 1 1 1 )
col 49: (1 1 0 1 1 0 0 1 )
col 50: (1 1 1 0 0 1 1 0 )
col 51: (0 0 1 1 1 1 1 0 )
col 52: (1 1 1 0 0 1 0 1 )
col 53: (1 0 1 1 0 1 0 1 )
col 54: (1 1 0 1 0 0 1 1 )
col 55: (0 0 1 1 0 1 1 1 )
col 56: (0 1 1 0 1 1 0 1 )
col 57: (1 0 0 0 1 1 1 1 )
col 58: (0 1 1 0 1 1 1 0 )
col 59: (1 1 1 0 1 0 0 1 )
col 60: (1 0 0 1 1 1 0 1 )
col 61: (1 1 0 1 0 1 0 1 )
col 62: (0 1 1 1 0 0 1 1 )
col 63: (1 1 0 0 1 0 1 1 )
col 64: (1 0 1 0 0 1 1 1 )
col 65: (1 0 0 0 0 0 0 0 )
col 66: (0 1 0 0 0 0 0 0 )
col 67: (0 0 1 0 0 0 0 0 )
col 68: (0 0 0 1 0 0 0 0 )
col 69: (0 0 0 0 1 0 0 0 )
col 70: (0 0 0 0 0 1 0 0 )
col 71: (0 0 0 0 0 0 1 0 )
col 72: (0 0 0 0 0 0 0 1 )
138 11 73 21 81 37 88 22 176 52 28 146 76 67 82 161 98 19 26 97 134 104 133 84 162 50 152 35 115 174 205 122 214 234 121 230 47 199 79 186 31 87 109 143 93 55 188 227 155 103 124 167 173 203 236 182 241 118 151 185 171 206 211 229 1 2 4 8 16 32 64 128 



N72K64
-----------------------------------
Found @ iteration: 51 ; game = 1 
After 688.160 seconds
# Bad Cycles: 1309
# Set Bits:   272
# Max Row Weight: 39
col 1 : (0 1 0 1 0 0 0 1 )
col 2 : (1 1 0 1 0 0 0 0 )
col 3 : (1 0 0 1 0 0 1 0 )
col 4 : (1 0 1 0 1 0 0 0 )
col 5 : (1 0 0 0 1 0 1 0 )
col 6 : (1 0 1 0 0 1 0 0 )
col 7 : (0 0 0 1 1 0 1 0 )
col 8 : (0 1 1 0 1 0 0 0 )
col 9 : (0 0 0 0 1 1 0 1 )
col 10: (0 0 1 0 1 1 0 0 )
col 11: (0 0 1 1 1 0 0 0 )
col 12: (0 1 0 0 1 0 0 1 )
col 13: (0 0 1 1 0 0 1 0 )
col 14: (1 1 0 0 0 0 1 0 )
col 15: (0 1 0 0 1 0 1 0 )
col 16: (1 0 0 0 0 1 0 1 )
col 17: (0 1 0 0 0 1 1 0 )
col 18: (1 1 0 0 1 0 0 0 )
col 19: (0 1 0 1 1 0 0 0 )
col 20: (1 0 0 0 0 1 1 0 )
col 21: (0 1 1 0 0 0 0 1 )
col 22: (0 0 0 1 0 1 1 0 )
col 23: (1 0 1 0 0 0 0 1 )
col 24: (0 0 1 0 1 0 1 0 )
col 25: (0 1 0 0 0 1 0 1 )
col 26: (0 1 0 0 1 1 0 0 )
col 27: (0 0 0 1 1 0 0 1 )
col 28: (1 1 0 0 0 1 0 0 )
col 29: (1 1 0 0 1 1 1 0 )
col 30: (0 1 1 1 0 1 0 1 )
col 31: (1 0 1 1 0 0 1 1 )
col 32: (0 1 0 1 1 1 1 0 )
col 33: (0 1 1 0 1 0 1 1 )
col 34: (0 1 0 1 0 1 1 1 )
col 35: (1 0 0 1 1 1 1 0 )
col 36: (0 1 1 0 0 1 1 1 )
col 37: (1 1 1 1 0 1 0 0 )
col 38: (1 1 1 0 0 0 1 1 )
col 39: (1 1 1 1 0 0 1 0 )
col 40: (0 1 0 1 1 1 0 1 )
col 41: (1 1 1 1 1 0 0 0 )
col 42: (1 1 1 0 1 0 1 0 )
col 43: (1 0 1 1 0 1 1 0 )
col 44: (1 1 1 1 0 0 0 1 )
col 45: (1 0 1 1 1 0 1 0 )
col 46: (1 1 1 0 1 1 0 0 )
col 47: (0 0 1 1 1 1 0 1 )
col 48: (1 1 0 0 0 1 1 1 )
col 49: (1 1 0 1 1 0 0 1 )
col 50: (1 1 1 0 0 1 1 0 )
col 51: (1 0 1 1 1 0 0 1 )
col 52: (1 0 0 1 1 1 0 1 )
col 53: (0 1 1 1 1 1 0 0 )
col 54: (1 1 0 1 0 1 1 0 )
col 55: (0 1 1 0 1 1 1 0 )
col 56: (0 0 1 1 0 1 1 1 )
col 57: (0 1 0 0 1 1 1 1 )
col 58: (0 1 1 1 0 1 1 0 )
col 59: (1 0 1 1 1 1 0 0 )
col 60: (1 1 0 1 1 0 1 0 )
col 61: (0 0 0 1 1 1 1 1 )
col 62: (0 1 0 1 1 0 1 1 )
col 63: (1 0 1 0 1 1 1 0 )
col 64: (1 1 0 1 0 0 1 1 )
col 65: (1 0 0 0 0 0 0 0 )
col 66: (0 1 0 0 0 0 0 0 )
col 67: (0 0 1 0 0 0 0 0 )
col 68: (0 0 0 1 0 0 0 0 )
col 69: (0 0 0 0 1 0 0 0 )
col 70: (0 0 0 0 0 1 0 0 )
col 71: (0 0 0 0 0 0 1 0 )
col 72: (0 0 0 0 0 0 0 1 )
138 11 73 21 81 37 88 22 176 52 28 146 76 67 82 161 98 19 26 97 134 104 133 84 162 50 152 35 115 174 205 122 214 234 121 230 47 199 79 186 31 87 109 143 93 55 188 227 155 103 157 185 62 107 118 236 242 110 61 91 248 218 117 203 1 2 4 8 16 32 64 128 



N72K64
-----------------------------------
Found @ iteration: 52 ; game = 1 
After 709.579 seconds
# Bad Cycles: 1306
# Set Bits:   272
# Max Row Weight: 37
col 1 : (0 1 0 1 0 0 0 1 )
col 2 : (1 1 0 1 0 0 0 0 )
col 3 : (1 0 0 1 0 0 1 0 )
col 4 : (1 0 1 0 1 0 0 0 )
col 5 : (1 0 0 0 1 0 1 0 )
col 6 : (1 0 1 0 0 1 0 0 )
col 7 : (0 0 0 1 1 0 1 0 )
col 8 : (0 1 1 0 1 0 0 0 )
col 9 : (0 0 0 0 1 1 0 1 )
col 10: (0 0 1 0 1 1 0 0 )
col 11: (0 0 1 1 1 0 0 0 )
col 12: (0 1 0 0 1 0 0 1 )
col 13: (0 0 1 1 0 0 1 0 )
col 14: (1 1 0 0 0 0 1 0 )
col 15: (0 1 0 0 1 0 1 0 )
col 16: (1 0 0 0 0 1 0 1 )
col 17: (0 1 0 0 0 1 1 0 )
col 18: (1 1 0 0 1 0 0 0 )
col 19: (0 1 0 1 1 0 0 0 )
col 20: (1 0 0 0 0 1 1 0 )
col 21: (0 1 1 0 0 0 0 1 )
col 22: (0 0 0 1 0 1 1 0 )
col 23: (1 0 1 0 0 0 0 1 )
col 24: (0 0 1 0 1 0 1 0 )
col 25: (0 1 0 0 0 1 0 1 )
col 26: (0 1 0 0 1 1 0 0 )
col 27: (0 0 0 1 1 0 0 1 )
col 28: (1 1 0 0 0 1 0 0 )
col 29: (1 1 0 0 1 1 1 0 )
col 30: (0 1 1 1 0 1 0 1 )
col 31: (1 0 1 1 0 0 1 1 )
col 32: (0 1 0 1 1 1 1 0 )
col 33: (0 1 1 0 1 0 1 1 )
col 34: (0 1 0 1 0 1 1 1 )
col 35: (1 0 0 1 1 1 1 0 )
col 36: (0 1 1 0 0 1 1 1 )
col 37: (1 1 1 1 0 1 0 0 )
col 38: (1 1 1 0 0 0 1 1 )
col 39: (1 1 1 1 0 0 1 0 )
col 40: (0 1 0 1 1 1 0 1 )
col 41: (1 1 1 1 1 0 0 0 )
col 42: (1 1 1 0 1 0 1 0 )
col 43: (1 0 1 1 0 1 1 0 )
col 44: (1 1 1 1 0 0 0 1 )
col 45: (1 0 1 1 1 0 1 0 )
col 46: (1 1 1 0 1 1 0 0 )
col 47: (0 0 1 1 1 1 0 1 )
col 48: (1 1 0 0 0 1 1 1 )
col 49: (1 1 0 1 1 0 0 1 )
col 50: (1 1 1 0 0 1 1 0 )
col 51: (1 0 1 1 1 0 0 1 )
col 52: (1 1 0 1 0 1 0 1 )
col 53: (1 0 1 1 1 1 0 0 )
col 54: (0 0 1 1 1 1 1 0 )
col 55: (1 1 0 1 1 0 1 0 )
col 56: (0 1 1 0 1 1 1 0 )
col 57: (0 0 1 1 0 1 1 1 )
col 58: (1 1 1 0 0 1 0 1 )
col 59: (1 1 0 1 1 1 0 0 )
col 60: (1 0 0 0 1 1 1 1 )
col 61: (0 1 1 1 1 0 0 1 )
col 62: (1 0 1 1 0 1 0 1 )
col 63: (0 0 1 0 1 1 1 1 )
col 64: (1 0 0 1 1 1 0 1 )
col 65: (1 0 0 0 0 0 0 0 )
col 66: (0 1 0 0 0 0 0 0 )
col 67: (0 0 1 0 0 0 0 0 )
col 68: (0 0 0 1 0 0 0 0 )
col 69: (0 0 0 0 1 0 0 0 )
col 70: (0 0 0 0 0 1 0 0 )
col 71: (0 0 0 0 0 0 1 0 )
col 72: (0 0 0 0 0 0 0 1 )
138 11 73 21 81 37 88 22 176 52 28 146 76 67 82 161 98 19 26 97 134 104 133 84 162 50 152 35 115 174 205 122 214 234 121 230 47 199 79 186 31 87 109 143 93 55 188 227 155 103 157 171 61 124 91 118 236 167 59 241 158 173 244 185 1 2 4 8 16 32 64 128 



N72K64
-----------------------------------
Found @ iteration: 53 ; game = 1 
After 715.828 seconds
# Bad Cycles: 1299
# Set Bits:   272
# Max Row Weight: 40
col 1 : (0 1 0 1 0 0 0 1 )
col 2 : (1 1 0 1 0 0 0 0 )
col 3 : (1 0 0 1 0 0 1 0 )
col 4 : (1 0 1 0 1 0 0 0 )
col 5 : (1 0 0 0 1 0 1 0 )
col 6 : (1 0 1 0 0 1 0 0 )
col 7 : (0 0 0 1 1 0 1 0 )
col 8 : (0 1 1 0 1 0 0 0 )
col 9 : (0 0 0 0 1 1 0 1 )
col 10: (0 0 1 0 1 1 0 0 )
col 11: (0 0 1 1 1 0 0 0 )
col 12: (0 1 0 0 1 0 0 1 )
col 13: (0 0 1 1 0 0 1 0 )
col 14: (1 1 0 0 0 0 1 0 )
col 15: (0 1 0 0 1 0 1 0 )
col 16: (1 0 0 0 0 1 0 1 )
col 17: (0 1 0 0 0 1 1 0 )
col 18: (1 1 0 0 1 0 0 0 )
col 19: (0 1 0 1 1 0 0 0 )
col 20: (1 0 0 0 0 1 1 0 )
col 21: (0 1 1 0 0 0 0 1 )
col 22: (0 0 0 1 0 1 1 0 )
col 23: (1 0 1 0 0 0 0 1 )
col 24: (0 0 1 0 1 0 1 0 )
col 25: (0 1 0 0 0 1 0 1 )
col 26: (0 1 0 0 1 1 0 0 )
col 27: (0 0 0 1 1 0 0 1 )
col 28: (1 1 0 0 0 1 0 0 )
col 29: (1 1 0 0 1 1 1 0 )
col 30: (0 1 1 1 0 1 0 1 )
col 31: (1 0 1 1 0 0 1 1 )
col 32: (0 1 0 1 1 1 1 0 )
col 33: (0 1 1 0 1 0 1 1 )
col 34: (0 1 0 1 0 1 1 1 )
col 35: (1 0 0 1 1 1 1 0 )
col 36: (0 1 1 0 0 1 1 1 )
col 37: (1 1 1 1 0 1 0 0 )
col 38: (1 1 1 0 0 0 1 1 )
col 39: (1 1 1 1 0 0 1 0 )
col 40: (0 1 0 1 1 1 0 1 )
col 41: (1 1 1 1 1 0 0 0 )
col 42: (1 1 1 0 1 0 1 0 )
col 43: (1 0 1 1 0 1 1 0 )
col 44: (1 1 1 1 0 0 0 1 )
col 45: (1 0 1 1 1 0 1 0 )
col 46: (1 1 1 0 1 1 0 0 )
col 47: (0 0 1 1 1 1 0 1 )
col 48: (1 1 0 0 0 1 1 1 )
col 49: (1 1 0 1 1 0 0 1 )
col 50: (1 1 1 0 0 1 1 0 )
col 51: (1 0 1 1 1 0 0 1 )
col 52: (1 1 0 1 0 1 0 1 )
col 53: (0 1 1 1 0 0 1 1 )
col 54: (0 1 1 0 1 1 1 0 )
col 55: (1 1 0 1 1 1 0 0 )
col 56: (1 0 1 1 0 1 0 1 )
col 57: (0 1 1 1 1 0 0 1 )
col 58: (1 0 1 0 1 1 0 1 )
col 59: (0 0 1 1 1 0 1 1 )
col 60: (1 1 0 1 1 0 1 0 )
col 61: (1 0 0 1 1 0 1 1 )
col 62: (1 1 1 0 0 1 0 1 )
col 63: (0 1 0 0 1 1 1 1 )
col 64: (0 1 1 1 0 1 1 0 )
col 65: (1 0 0 0 0 0 0 0 )
col 66: (0 1 0 0 0 0 0 0 )
col 67: (0 0 1 0 0 0 0 0 )
col 68: (0 0 0 1 0 0 0 0 )
col 69: (0 0 0 0 1 0 0 0 )
col 70: (0 0 0 0 0 1 0 0 )
col 71: (0 0 0 0 0 0 1 0 )
col 72: (0 0 0 0 0 0 0 1 )
138 11 73 21 81 37 88 22 176 52 28 146 76 67 82 161 98 19 26 97 134 104 133 84 162 50 152 35 115 174 205 122 214 234 121 230 47 199 79 186 31 87 109 143 93 55 188 227 155 103 157 171 206 118 59 173 158 181 220 91 217 167 242 110 1 2 4 8 16 32 64 128 



N72K64
-----------------------------------
Found @ iteration: 54 ; game = 1 
After 729.771 seconds
# Bad Cycles: 1294
# Set Bits:   272
# Max Row Weight: 38
col 1 : (0 1 0 1 0 0 0 1 )
col 2 : (1 1 0 1 0 0 0 0 )
col 3 : (1 0 0 1 0 0 1 0 )
col 4 : (1 0 1 0 1 0 0 0 )
col 5 : (1 0 0 0 1 0 1 0 )
col 6 : (1 0 1 0 0 1 0 0 )
col 7 : (0 0 0 1 1 0 1 0 )
col 8 : (0 1 1 0 1 0 0 0 )
col 9 : (0 0 0 0 1 1 0 1 )
col 10: (0 0 1 0 1 1 0 0 )
col 11: (0 0 1 1 1 0 0 0 )
col 12: (0 1 0 0 1 0 0 1 )
col 13: (0 0 1 1 0 0 1 0 )
col 14: (1 1 0 0 0 0 1 0 )
col 15: (0 1 0 0 1 0 1 0 )
col 16: (1 0 0 0 0 1 0 1 )
col 17: (0 1 0 0 0 1 1 0 )
col 18: (1 1 0 0 1 0 0 0 )
col 19: (0 1 0 1 1 0 0 0 )
col 20: (1 0 0 0 0 1 1 0 )
col 21: (0 1 1 0 0 0 0 1 )
col 22: (0 0 0 1 0 1 1 0 )
col 23: (1 0 1 0 0 0 0 1 )
col 24: (0 0 1 0 1 0 1 0 )
col 25: (0 1 0 0 0 1 0 1 )
col 26: (0 1 0 0 1 1 0 0 )
col 27: (0 0 0 1 1 0 0 1 )
col 28: (1 1 0 0 0 1 0 0 )
col 29: (1 1 0 0 1 1 1 0 )
col 30: (0 1 1 1 0 1 0 1 )
col 31: (1 0 1 1 0 0 1 1 )
col 32: (0 1 0 1 1 1 1 0 )
col 33: (0 1 1 0 1 0 1 1 )
col 34: (0 1 0 1 0 1 1 1 )
col 35: (1 0 0 1 1 1 1 0 )
col 36: (0 1 1 0 0 1 1 1 )
col 37: (1 1 1 1 0 1 0 0 )
col 38: (1 1 1 0 0 0 1 1 )
col 39: (1 1 1 1 0 0 1 0 )
col 40: (0 1 0 1 1 1 0 1 )
col 41: (1 1 1 1 1 0 0 0 )
col 42: (1 1 1 0 1 0 1 0 )
col 43: (1 0 1 1 0 1 1 0 )
col 44: (1 1 1 1 0 0 0 1 )
col 45: (1 0 1 1 1 0 1 0 )
col 46: (1 1 1 0 1 1 0 0 )
col 47: (0 0 1 1 1 1 0 1 )
col 48: (1 1 0 0 0 1 1 1 )
col 49: (1 1 0 1 1 0 0 1 )
col 50: (1 1 1 0 0 1 1 0 )
col 51: (1 0 1 1 1 0 0 1 )
col 52: (1 1 0 1 0 1 0 1 )
col 53: (0 1 1 1 0 0 1 1 )
col 54: (1 1 0 1 1 0 1 0 )
col 55: (0 0 1 1 1 0 1 1 )
col 56: (1 0 0 1 0 1 1 1 )
col 57: (0 1 1 1 1 1 0 0 )
col 58: (0 1 0 1 1 0 1 1 )
col 59: (1 1 0 1 1 1 0 0 )
col 60: (0 0 1 0 1 1 1 1 )
col 61: (1 0 0 0 1 1 1 1 )
col 62: (1 0 1 1 1 1 0 0 )
col 63: (0 1 1 0 1 1 1 0 )
col 64: (1 0 1 0 1 0 1 1 )
col 65: (1 0 0 0 0 0 0 0 )
col 66: (0 1 0 0 0 0 0 0 )
col 67: (0 0 1 0 0 0 0 0 )
col 68: (0 0 0 1 0 0 0 0 )
col 69: (0 0 0 0 1 0 0 0 )
col 70: (0 0 0 0 0 1 0 0 )
col 71: (0 0 0 0 0 0 1 0 )
col 72: (0 0 0 0 0 0 0 1 )
138 11 73 21 81 37 88 22 176 52 28 146 76 67 82 161 98 19 26 97 134 104 133 84 162 50 152 35 115 174 205 122 214 234 121 230 47 199 79 186 31 87 109 143 93 55 188 227 155 103 157 171 206 91 220 233 62 218 59 244 241 61 118 213 1 2 4 8 16 32 64 128 



N72K64
-----------------------------------
Found @ iteration: 54 ; game = 1 
After 732.396 seconds
# Bad Cycles: 1292
# Set Bits:   272
# Max Row Weight: 39
col 1 : (0 1 0 1 0 0 0 1 )
col 2 : (1 1 0 1 0 0 0 0 )
col 3 : (1 0 0 1 0 0 1 0 )
col 4 : (1 0 1 0 1 0 0 0 )
col 5 : (1 0 0 0 1 0 1 0 )
col 6 : (1 0 1 0 0 1 0 0 )
col 7 : (0 0 0 1 1 0 1 0 )
col 8 : (0 1 1 0 1 0 0 0 )
col 9 : (0 0 0 0 1 1 0 1 )
col 10: (0 0 1 0 1 1 0 0 )
col 11: (0 0 1 1 1 0 0 0 )
col 12: (0 1 0 0 1 0 0 1 )
col 13: (0 0 1 1 0 0 1 0 )
col 14: (1 1 0 0 0 0 1 0 )
col 15: (0 1 0 0 1 0 1 0 )
col 16: (1 0 0 0 0 1 0 1 )
col 17: (0 1 0 0 0 1 1 0 )
col 18: (1 1 0 0 1 0 0 0 )
col 19: (0 1 0 1 1 0 0 0 )
col 20: (1 0 0 0 0 1 1 0 )
col 21: (0 1 1 0 0 0 0 1 )
col 22: (0 0 0 1 0 1 1 0 )
col 23: (1 0 1 0 0 0 0 1 )
col 24: (0 0 1 0 1 0 1 0 )
col 25: (0 1 0 0 0 1 0 1 )
col 26: (0 1 0 0 1 1 0 0 )
col 27: (0 0 0 1 1 0 0 1 )
col 28: (1 1 0 0 0 1 0 0 )
col 29: (1 1 0 0 1 1 1 0 )
col 30: (0 1 1 1 0 1 0 1 )
col 31: (1 0 1 1 0 0 1 1 )
col 32: (0 1 0 1 1 1 1 0 )
col 33: (0 1 1 0 1 0 1 1 )
col 34: (0 1 0 1 0 1 1 1 )
col 35: (1 0 0 1 1 1 1 0 )
col 36: (0 1 1 0 0 1 1 1 )
col 37: (1 1 1 1 0 1 0 0 )
col 38: (1 1 1 0 0 0 1 1 )
col 39: (1 1 1 1 0 0 1 0 )
col 40: (0 1 0 1 1 1 0 1 )
col 41: (1 1 1 1 1 0 0 0 )
col 42: (1 1 1 0 1 0 1 0 )
col 43: (1 0 1 1 0 1 1 0 )
col 44: (1 1 1 1 0 0 0 1 )
col 45: (1 0 1 1 1 0 1 0 )
col 46: (1 1 1 0 1 1 0 0 )
col 47: (0 0 1 1 1 1 0 1 )
col 48: (1 1 0 0 0 1 1 1 )
col 49: (1 1 0 1 1 0 0 1 )
col 50: (1 1 1 0 0 1 1 0 )
col 51: (1 0 1 1 1 0 0 1 )
col 52: (1 1 0 1 0 1 0 1 )
col 53: (0 1 1 1 0 0 1 1 )
col 54: (0 1 1 0 1 1 1 0 )
col 55: (1 0 0 1 1 1 0 1 )
col 56: (0 1 1 1 1 1 0 0 )
col 57: (1 1 0 1 1 1 0 0 )
col 58: (1 1 1 0 0 1 0 1 )
col 59: (0 1 1 1 1 0 0 1 )
col 60: (1 0 0 1 1 0 1 1 )
col 61: (1 0 1 1 1 1 0 0 )
col 62: (1 0 0 1 0 1 1 1 )
col 63: (1 1 0 1 1 0 1 0 )
col 64: (0 0 0 1 1 1 1 1 )
col 65: (1 0 0 0 0 0 0 0 )
col 66: (0 1 0 0 0 0 0 0 )
col 67: (0 0 1 0 0 0 0 0 )
col 68: (0 0 0 1 0 0 0 0 )
col 69: (0 0 0 0 1 0 0 0 )
col 70: (0 0 0 0 0 1 0 0 )
col 71: (0 0 0 0 0 0 1 0 )
col 72: (0 0 0 0 0 0 0 1 )
138 11 73 21 81 37 88 22 176 52 28 146 76 67 82 161 98 19 26 97 134 104 133 84 162 50 152 35 115 174 205 122 214 234 121 230 47 199 79 186 31 87 109 143 93 55 188 227 155 103 157 171 206 118 185 62 59 167 158 217 61 233 91 248 1 2 4 8 16 32 64 128 



N72K64
-----------------------------------
Found @ iteration: 55 ; game = 1 
After 753.486 seconds
# Bad Cycles: 1291
# Set Bits:   272
# Max Row Weight: 37
col 1 : (0 1 0 1 0 0 0 1 )
col 2 : (1 1 0 1 0 0 0 0 )
col 3 : (1 0 0 1 0 0 1 0 )
col 4 : (1 0 1 0 1 0 0 0 )
col 5 : (1 0 0 0 1 0 1 0 )
col 6 : (1 0 1 0 0 1 0 0 )
col 7 : (0 0 0 1 1 0 1 0 )
col 8 : (0 1 1 0 1 0 0 0 )
col 9 : (0 0 0 0 1 1 0 1 )
col 10: (0 0 1 0 1 1 0 0 )
col 11: (0 0 1 1 1 0 0 0 )
col 12: (0 1 0 0 1 0 0 1 )
col 13: (0 0 1 1 0 0 1 0 )
col 14: (1 1 0 0 0 0 1 0 )
col 15: (0 1 0 0 1 0 1 0 )
col 16: (1 0 0 0 0 1 0 1 )
col 17: (0 1 0 0 0 1 1 0 )
col 18: (1 1 0 0 1 0 0 0 )
col 19: (0 1 0 1 1 0 0 0 )
col 20: (1 0 0 0 0 1 1 0 )
col 21: (0 1 1 0 0 0 0 1 )
col 22: (0 0 0 1 0 1 1 0 )
col 23: (1 0 1 0 0 0 0 1 )
col 24: (0 0 1 0 1 0 1 0 )
col 25: (0 1 0 0 0 1 0 1 )
col 26: (0 1 0 0 1 1 0 0 )
col 27: (0 0 0 1 1 0 0 1 )
col 28: (1 1 0 0 0 1 0 0 )
col 29: (1 1 0 0 1 1 1 0 )
col 30: (0 1 1 1 0 1 0 1 )
col 31: (1 0 1 1 0 0 1 1 )
col 32: (0 1 0 1 1 1 1 0 )
col 33: (0 1 1 0 1 0 1 1 )
col 34: (0 1 0 1 0 1 1 1 )
col 35: (1 0 0 1 1 1 1 0 )
col 36: (0 1 1 0 0 1 1 1 )
col 37: (1 1 1 1 0 1 0 0 )
col 38: (1 1 1 0 0 0 1 1 )
col 39: (1 1 1 1 0 0 1 0 )
col 40: (0 1 0 1 1 1 0 1 )
col 41: (1 1 1 1 1 0 0 0 )
col 42: (1 1 1 0 1 0 1 0 )
col 43: (1 0 1 1 0 1 1 0 )
col 44: (1 1 1 1 0 0 0 1 )
col 45: (1 0 1 1 1 0 1 0 )
col 46: (1 1 1 0 1 1 0 0 )
col 47: (0 0 1 1 1 1 0 1 )
col 48: (1 1 0 0 0 1 1 1 )
col 49: (1 1 0 1 1 0 0 1 )
col 50: (1 1 1 0 0 1 1 0 )
col 51: (1 0 1 1 1 0 0 1 )
col 52: (1 1 0 1 0 1 0 1 )
col 53: (0 1 1 1 0 0 1 1 )
col 54: (0 1 1 0 1 1 1 0 )
col 55: (1 0 0 0 1 1 1 1 )
col 56: (0 0 1 1 1 0 1 1 )
col 57: (1 1 1 0 1 0 0 1 )
col 58: (0 0 1 1 1 1 1 0 )
col 59: (1 0 0 1 1 1 0 1 )
col 60: (1 1 1 0 0 1 0 1 )
col 61: (1 1 0 1 1 1 0 0 )
col 62: (1 0 1 1 0 1 0 1 )
col 63: (0 0 1 0 1 1 1 1 )
col 64: (1 0 1 0 1 0 1 1 )
col 65: (1 0 0 0 0 0 0 0 )
col 66: (0 1 0 0 0 0 0 0 )
col 67: (0 0 1 0 0 0 0 0 )
col 68: (0 0 0 1 0 0 0 0 )
col 69: (0 0 0 0 1 0 0 0 )
col 70: (0 0 0 0 0 1 0 0 )
col 71: (0 0 0 0 0 0 1 0 )
col 72: (0 0 0 0 0 0 0 1 )
138 11 73 21 81 37 88 22 176 52 28 146 76 67 82 161 98 19 26 97 134 104 133 84 162 50 152 35 115 174 205 122 214 234 121 230 47 199 79 186 31 87 109 143 93 55 188 227 155 103 157 171 206 118 241 220 151 124 185 167 59 173 244 213 1 2 4 8 16 32 64 128 



N72K64
-----------------------------------
Found @ iteration: 57 ; game = 1 
After 772.009 seconds
# Bad Cycles: 1290
# Set Bits:   272
# Max Row Weight: 36
col 1 : (0 1 0 1 0 0 0 1 )
col 2 : (1 1 0 1 0 0 0 0 )
col 3 : (1 0 0 1 0 0 1 0 )
col 4 : (1 0 1 0 1 0 0 0 )
col 5 : (1 0 0 0 1 0 1 0 )
col 6 : (1 0 1 0 0 1 0 0 )
col 7 : (0 0 0 1 1 0 1 0 )
col 8 : (0 1 1 0 1 0 0 0 )
col 9 : (0 0 0 0 1 1 0 1 )
col 10: (0 0 1 0 1 1 0 0 )
col 11: (0 0 1 1 1 0 0 0 )
col 12: (0 1 0 0 1 0 0 1 )
col 13: (0 0 1 1 0 0 1 0 )
col 14: (1 1 0 0 0 0 1 0 )
col 15: (0 1 0 0 1 0 1 0 )
col 16: (1 0 0 0 0 1 0 1 )
col 17: (0 1 0 0 0 1 1 0 )
col 18: (1 1 0 0 1 0 0 0 )
col 19: (0 1 0 1 1 0 0 0 )
col 20: (1 0 0 0 0 1 1 0 )
col 21: (0 1 1 0 0 0 0 1 )
col 22: (0 0 0 1 0 1 1 0 )
col 23: (1 0 1 0 0 0 0 1 )
col 24: (0 0 1 0 1 0 1 0 )
col 25: (0 1 0 0 0 1 0 1 )
col 26: (0 1 0 0 1 1 0 0 )
col 27: (0 0 0 1 1 0 0 1 )
col 28: (1 1 0 0 0 1 0 0 )
col 29: (1 1 0 0 1 1 1 0 )
col 30: (0 1 1 1 0 1 0 1 )
col 31: (1 0 1 1 0 0 1 1 )
col 32: (0 1 0 1 1 1 1 0 )
col 33: (0 1 1 0 1 0 1 1 )
col 34: (0 1 0 1 0 1 1 1 )
col 35: (1 0 0 1 1 1 1 0 )
col 36: (0 1 1 0 0 1 1 1 )
col 37: (1 1 1 1 0 1 0 0 )
col 38: (1 1 1 0 0 0 1 1 )
col 39: (1 1 1 1 0 0 1 0 )
col 40: (0 1 0 1 1 1 0 1 )
col 41: (1 1 1 1 1 0 0 0 )
col 42: (1 1 1 0 1 0 1 0 )
col 43: (1 0 1 1 0 1 1 0 )
col 44: (1 1 1 1 0 0 0 1 )
col 45: (1 0 1 1 1 0 1 0 )
col 46: (1 1 1 0 1 1 0 0 )
col 47: (0 0 1 1 1 1 0 1 )
col 48: (1 1 0 0 0 1 1 1 )
col 49: (1 1 0 1 1 0 0 1 )
col 50: (1 1 1 0 0 1 1 0 )
col 51: (1 0 1 1 1 0 0 1 )
col 52: (1 1 0 1 0 1 0 1 )
col 53: (0 1 1 1 0 0 1 1 )
col 54: (0 1 1 0 1 1 1 0 )
col 55: (1 0 0 0 1 1 1 1 )
col 56: (0 0 1 1 1 0 1 1 )
col 57: (1 1 1 0 1 0 0 1 )
col 58: (1 0 1 0 1 1 0 1 )
col 59: (0 1 1 1 0 1 1 0 )
col 60: (0 0 1 1 1 1 1 0 )
col 61: (1 0 1 0 1 0 1 1 )
col 62: (0 0 1 1 0 1 1 1 )
col 63: (1 0 0 1 1 1 0 1 )
col 64: (0 0 0 1 1 1 1 1 )
col 65: (1 0 0 0 0 0 0 0 )
col 66: (0 1 0 0 0 0 0 0 )
col 67: (0 0 1 0 0 0 0 0 )
col 68: (0 0 0 1 0 0 0 0 )
col 69: (0 0 0 0 1 0 0 0 )
col 70: (0 0 0 0 0 1 0 0 )
col 71: (0 0 0 0 0 0 1 0 )
col 72: (0 0 0 0 0 0 0 1 )
138 11 73 21 81 37 88 22 176 52 28 146 76 67 82 161 98 19 26 97 134 104 133 84 162 50 152 35 115 174 205 122 214 234 121 230 47 199 79 186 31 87 109 143 93 55 188 227 155 103 157 171 206 118 241 220 151 181 110 124 213 236 185 248 1 2 4 8 16 32 64 128 



N72K64
-----------------------------------
Found @ iteration: 59 ; game = 1 
After 791.611 seconds
# Bad Cycles: 1288
# Set Bits:   272
# Max Row Weight: 39
col 1 : (0 1 0 1 0 0 0 1 )
col 2 : (1 1 0 1 0 0 0 0 )
col 3 : (1 0 0 1 0 0 1 0 )
col 4 : (1 0 1 0 1 0 0 0 )
col 5 : (1 0 0 0 1 0 1 0 )
col 6 : (1 0 1 0 0 1 0 0 )
col 7 : (0 0 0 1 1 0 1 0 )
col 8 : (0 1 1 0 1 0 0 0 )
col 9 : (0 0 0 0 1 1 0 1 )
col 10: (0 0 1 0 1 1 0 0 )
col 11: (0 0 1 1 1 0 0 0 )
col 12: (0 1 0 0 1 0 0 1 )
col 13: (0 0 1 1 0 0 1 0 )
col 14: (1 1 0 0 0 0 1 0 )
col 15: (0 1 0 0 1 0 1 0 )
col 16: (1 0 0 0 0 1 0 1 )
col 17: (0 1 0 0 0 1 1 0 )
col 18: (1 1 0 0 1 0 0 0 )
col 19: (0 1 0 1 1 0 0 0 )
col 20: (1 0 0 0 0 1 1 0 )
col 21: (0 1 1 0 0 0 0 1 )
col 22: (0 0 0 1 0 1 1 0 )
col 23: (1 0 1 0 0 0 0 1 )
col 24: (0 0 1 0 1 0 1 0 )
col 25: (0 1 0 0 0 1 0 1 )
col 26: (0 1 0 0 1 1 0 0 )
col 27: (0 0 0 1 1 0 0 1 )
col 28: (1 1 0 0 0 1 0 0 )
col 29: (1 1 0 0 1 1 1 0 )
col 30: (0 1 1 1 0 1 0 1 )
col 31: (1 0 1 1 0 0 1 1 )
col 32: (0 1 0 1 1 1 1 0 )
col 33: (0 1 1 0 1 0 1 1 )
col 34: (0 1 0 1 0 1 1 1 )
col 35: (1 0 0 1 1 1 1 0 )
col 36: (0 1 1 0 0 1 1 1 )
col 37: (1 1 1 1 0 1 0 0 )
col 38: (1 1 1 0 0 0 1 1 )
col 39: (1 1 1 1 0 0 1 0 )
col 40: (0 1 0 1 1 1 0 1 )
col 41: (1 1 1 1 1 0 0 0 )
col 42: (1 1 1 0 1 0 1 0 )
col 43: (1 0 1 1 0 1 1 0 )
col 44: (1 1 1 1 0 0 0 1 )
col 45: (1 0 1 1 1 0 1 0 )
col 46: (1 1 1 0 1 1 0 0 )
col 47: (0 0 1 1 1 1 0 1 )
col 48: (1 1 0 0 0 1 1 1 )
col 49: (1 1 0 1 1 0 0 1 )
col 50: (1 1 1 0 0 1 1 0 )
col 51: (1 0 1 1 1 0 0 1 )
col 52: (1 1 0 1 0 1 0 1 )
col 53: (0 1 1 1 0 0 1 1 )
col 54: (0 1 1 0 1 1 1 0 )
col 55: (1 0 0 0 1 1 1 1 )
col 56: (0 0 1 1 1 0 1 1 )
col 57: (1 1 1 0 1 0 0 1 )
col 58: (1 0 1 0 1 1 0 1 )
col 59: (0 1 1 1 0 1 1 0 )
col 60: (1 0 0 1 1 1 0 1 )
col 61: (0 0 1 1 1 1 1 0 )
col 62: (1 1 0 1 1 1 0 0 )
col 63: (0 1 1 1 1 1 0 0 )
col 64: (1 1 0 0 1 1 0 1 )
col 65: (1 0 0 0 0 0 0 0 )
col 66: (0 1 0 0 0 0 0 0 )
col 67: (0 0 1 0 0 0 0 0 )
col 68: (0 0 0 1 0 0 0 0 )
col 69: (0 0 0 0 1 0 0 0 )
col 70: (0 0 0 0 0 1 0 0 )
col 71: (0 0 0 0 0 0 1 0 )
col 72: (0 0 0 0 0 0 0 1 )
138 11 73 21 81 37 88 22 176 52 28 146 76 67 82 161 98 19 26 97 134 104 133 84 162 50 152 35 115 174 205 122 214 234 121 230 47 199 79 186 31 87 109 143 93 55 188 227 155 103 157 171 206 118 241 220 151 181 110 185 124 59 62 179 1 2 4 8 16 32 64 128 



N72K64
-----------------------------------
Found @ iteration: 59 ; game = 1 
After 795.358 seconds
# Bad Cycles: 1287
# Set Bits:   272
# Max Row Weight: 39
col 1 : (0 1 0 1 0 0 0 1 )
col 2 : (1 1 0 1 0 0 0 0 )
col 3 : (1 0 0 1 0 0 1 0 )
col 4 : (1 0 1 0 1 0 0 0 )
col 5 : (1 0 0 0 1 0 1 0 )
col 6 : (1 0 1 0 0 1 0 0 )
col 7 : (0 0 0 1 1 0 1 0 )
col 8 : (0 1 1 0 1 0 0 0 )
col 9 : (0 0 0 0 1 1 0 1 )
col 10: (0 0 1 0 1 1 0 0 )
col 11: (0 0 1 1 1 0 0 0 )
col 12: (0 1 0 0 1 0 0 1 )
col 13: (0 0 1 1 0 0 1 0 )
col 14: (1 1 0 0 0 0 1 0 )
col 15: (0 1 0 0 1 0 1 0 )
col 16: (1 0 0 0 0 1 0 1 )
col 17: (0 1 0 0 0 1 1 0 )
col 18: (1 1 0 0 1 0 0 0 )
col 19: (0 1 0 1 1 0 0 0 )
col 20: (1 0 0 0 0 1 1 0 )
col 21: (0 1 1 0 0 0 0 1 )
col 22: (0 0 0 1 0 1 1 0 )
col 23: (1 0 1 0 0 0 0 1 )
col 24: (0 0 1 0 1 0 1 0 )
col 25: (0 1 0 0 0 1 0 1 )
col 26: (0 1 0 0 1 1 0 0 )
col 27: (0 0 0 1 1 0 0 1 )
col 28: (1 1 0 0 0 1 0 0 )
col 29: (1 1 0 0 1 1 1 0 )
col 30: (0 1 1 1 0 1 0 1 )
col 31: (1 0 1 1 0 0 1 1 )
col 32: (0 1 0 1 1 1 1 0 )
col 33: (0 1 1 0 1 0 1 1 )
col 34: (0 1 0 1 0 1 1 1 )
col 35: (1 0 0 1 1 1 1 0 )
col 36: (0 1 1 0 0 1 1 1 )
col 37: (1 1 1 1 0 1 0 0 )
col 38: (1 1 1 0 0 0 1 1 )
col 39: (1 1 1 1 0 0 1 0 )
col 40: (0 1 0 1 1 1 0 1 )
col 41: (1 1 1 1 1 0 0 0 )
col 42: (1 1 1 0 1 0 1 0 )
col 43: (1 0 1 1 0 1 1 0 )
col 44: (1 1 1 1 0 0 0 1 )
col 45: (1 0 1 1 1 0 1 0 )
col 46: (1 1 1 0 1 1 0 0 )
col 47: (0 0 1 1 1 1 0 1 )
col 48: (1 1 0 0 0 1 1 1 )
col 49: (1 1 0 1 1 0 0 1 )
col 50: (1 1 1 0 0 1 1 0 )
col 51: (1 0 1 1 1 0 0 1 )
col 52: (1 1 0 1 0 1 0 1 )
col 53: (0 1 1 1 0 0 1 1 )
col 54: (0 1 1 0 1 1 1 0 )
col 55: (1 0 0 0 1 1 1 1 )
col 56: (0 0 1 1 1 0 1 1 )
col 57: (1 1 1 0 1 0 0 1 )
col 58: (1 0 1 0 1 1 0 1 )
col 59: (0 1 1 1 1 0 1 0 )
col 60: (1 1 0 0 1 0 1 1 )
col 61: (0 0 1 1 1 1 1 0 )
col 62: (1 1 0 1 1 1 0 0 )
col 63: (0 0 1 0 1 1 1 1 )
col 64: (0 1 1 1 0 1 1 0 )
col 65: (1 0 0 0 0 0 0 0 )
col 66: (0 1 0 0 0 0 0 0 )
col 67: (0 0 1 0 0 0 0 0 )
col 68: (0 0 0 1 0 0 0 0 )
col 69: (0 0 0 0 1 0 0 0 )
col 70: (0 0 0 0 0 1 0 0 )
col 71: (0 0 0 0 0 0 1 0 )
col 72: (0 0 0 0 0 0 0 1 )
138 11 73 21 81 37 88 22 176 52 28 146 76 67 82 161 98 19 26 97 134 104 133 84 162 50 152 35 115 174 205 122 214 234 121 230 47 199 79 186 31 87 109 143 93 55 188 227 155 103 157 171 206 118 241 220 151 181 94 211 124 59 244 110 1 2 4 8 16 32 64 128 



N72K64
-----------------------------------
Found @ iteration: 59 ; game = 1 
After 798.810 seconds
# Bad Cycles: 1286
# Set Bits:   272
# Max Row Weight: 40
col 1 : (0 1 0 1 0 0 0 1 )
col 2 : (1 1 0 1 0 0 0 0 )
col 3 : (1 0 0 1 0 0 1 0 )
col 4 : (1 0 1 0 1 0 0 0 )
col 5 : (1 0 0 0 1 0 1 0 )
col 6 : (1 0 1 0 0 1 0 0 )
col 7 : (0 0 0 1 1 0 1 0 )
col 8 : (0 1 1 0 1 0 0 0 )
col 9 : (0 0 0 0 1 1 0 1 )
col 10: (0 0 1 0 1 1 0 0 )
col 11: (0 0 1 1 1 0 0 0 )
col 12: (0 1 0 0 1 0 0 1 )
col 13: (0 0 1 1 0 0 1 0 )
col 14: (1 1 0 0 0 0 1 0 )
col 15: (0 1 0 0 1 0 1 0 )
col 16: (1 0 0 0 0 1 0 1 )
col 17: (0 1 0 0 0 1 1 0 )
col 18: (1 1 0 0 1 0 0 0 )
col 19: (0 1 0 1 1 0 0 0 )
col 20: (1 0 0 0 0 1 1 0 )
col 21: (0 1 1 0 0 0 0 1 )
col 22: (0 0 0 1 0 1 1 0 )
col 23: (1 0 1 0 0 0 0 1 )
col 24: (0 0 1 0 1 0 1 0 )
col 25: (0 1 0 0 0 1 0 1 )
col 26: (0 1 0 0 1 1 0 0 )
col 27: (0 0 0 1 1 0 0 1 )
col 28: (1 1 0 0 0 1 0 0 )
col 29: (1 1 0 0 1 1 1 0 )
col 30: (0 1 1 1 0 1 0 1 )
col 31: (1 0 1 1 0 0 1 1 )
col 32: (0 1 0 1 1 1 1 0 )
col 33: (0 1 1 0 1 0 1 1 )
col 34: (0 1 0 1 0 1 1 1 )
col 35: (1 0 0 1 1 1 1 0 )
col 36: (0 1 1 0 0 1 1 1 )
col 37: (1 1 1 1 0 1 0 0 )
col 38: (1 1 1 0 0 0 1 1 )
col 39: (1 1 1 1 0 0 1 0 )
col 40: (0 1 0 1 1 1 0 1 )
col 41: (1 1 1 1 1 0 0 0 )
col 42: (1 1 1 0 1 0 1 0 )
col 43: (1 0 1 1 0 1 1 0 )
col 44: (1 1 1 1 0 0 0 1 )
col 45: (1 0 1 1 1 0 1 0 )
col 46: (1 1 1 0 1 1 0 0 )
col 47: (0 0 1 1 1 1 0 1 )
col 48: (1 1 0 0 0 1 1 1 )
col 49: (1 1 0 1 1 0 0 1 )
col 50: (1 1 1 0 0 1 1 0 )
col 51: (1 0 1 1 1 0 0 1 )
col 52: (1 1 0 1 0 1 0 1 )
col 53: (0 1 1 1 0 0 1 1 )
col 54: (0 1 1 0 1 1 1 0 )
col 55: (1 0 0 0 1 1 1 1 )
col 56: (0 0 1 1 1 0 1 1 )
col 57: (1 1 1 0 1 0 0 1 )
col 58: (1 0 1 0 1 1 0 1 )
col 59: (0 1 0 1 1 0 1 1 )
col 60: (0 1 1 1 1 1 0 0 )
col 61: (0 0 1 0 1 1 1 1 )
col 62: (1 1 0 1 1 1 0 0 )
col 63: (0 1 1 0 1 1 0 1 )
col 64: (1 1 0 0 1 1 0 1 )
col 65: (1 0 0 0 0 0 0 0 )
col 66: (0 1 0 0 0 0 0 0 )
col 67: (0 0 1 0 0 0 0 0 )
col 68: (0 0 0 1 0 0 0 0 )
col 69: (0 0 0 0 1 0 0 0 )
col 70: (0 0 0 0 0 1 0 0 )
col 71: (0 0 0 0 0 0 1 0 )
col 72: (0 0 0 0 0 0 0 1 )
138 11 73 21 81 37 88 22 176 52 28 146 76 67 82 161 98 19 26 97 134 104 133 84 162 50 152 35 115 174 205 122 214 234 121 230 47 199 79 186 31 87 109 143 93 55 188 227 155 103 157 171 206 118 241 220 151 181 218 62 244 59 182 179 1 2 4 8 16 32 64 128 



N72K64
-----------------------------------
Found @ iteration: 60 ; game = 1 
After 800.286 seconds
# Bad Cycles: 1285
# Set Bits:   272
# Max Row Weight: 40
col 1 : (0 1 0 1 0 0 0 1 )
col 2 : (1 1 0 1 0 0 0 0 )
col 3 : (1 0 0 1 0 0 1 0 )
col 4 : (1 0 1 0 1 0 0 0 )
col 5 : (1 0 0 0 1 0 1 0 )
col 6 : (1 0 1 0 0 1 0 0 )
col 7 : (0 0 0 1 1 0 1 0 )
col 8 : (0 1 1 0 1 0 0 0 )
col 9 : (0 0 0 0 1 1 0 1 )
col 10: (0 0 1 0 1 1 0 0 )
col 11: (0 0 1 1 1 0 0 0 )
col 12: (0 1 0 0 1 0 0 1 )
col 13: (0 0 1 1 0 0 1 0 )
col 14: (1 1 0 0 0 0 1 0 )
col 15: (0 1 0 0 1 0 1 0 )
col 16: (1 0 0 0 0 1 0 1 )
col 17: (0 1 0 0 0 1 1 0 )
col 18: (1 1 0 0 1 0 0 0 )
col 19: (0 1 0 1 1 0 0 0 )
col 20: (1 0 0 0 0 1 1 0 )
col 21: (0 1 1 0 0 0 0 1 )
col 22: (0 0 0 1 0 1 1 0 )
col 23: (1 0 1 0 0 0 0 1 )
col 24: (0 0 1 0 1 0 1 0 )
col 25: (0 1 0 0 0 1 0 1 )
col 26: (0 1 0 0 1 1 0 0 )
col 27: (0 0 0 1 1 0 0 1 )
col 28: (1 1 0 0 0 1 0 0 )
col 29: (1 1 0 0 1 1 1 0 )
col 30: (0 1 1 1 0 1 0 1 )
col 31: (1 0 1 1 0 0 1 1 )
col 32: (0 1 0 1 1 1 1 0 )
col 33: (0 1 1 0 1 0 1 1 )
col 34: (0 1 0 1 0 1 1 1 )
col 35: (1 0 0 1 1 1 1 0 )
col 36: (0 1 1 0 0 1 1 1 )
col 37: (1 1 1 1 0 1 0 0 )
col 38: (1 1 1 0 0 0 1 1 )
col 39: (1 1 1 1 0 0 1 0 )
col 40: (0 1 0 1 1 1 0 1 )
col 41: (1 1 1 1 1 0 0 0 )
col 42: (1 1 1 0 1 0 1 0 )
col 43: (1 0 1 1 0 1 1 0 )
col 44: (1 1 1 1 0 0 0 1 )
col 45: (1 0 1 1 1 0 1 0 )
col 46: (1 1 1 0 1 1 0 0 )
col 47: (0 0 1 1 1 1 0 1 )
col 48: (1 1 0 0 0 1 1 1 )
col 49: (1 1 0 1 1 0 0 1 )
col 50: (1 1 1 0 0 1 1 0 )
col 51: (1 0 1 1 1 0 0 1 )
col 52: (1 1 0 1 0 1 0 1 )
col 53: (0 1 1 1 0 0 1 1 )
col 54: (0 1 1 0 1 1 1 0 )
col 55: (1 0 0 0 1 1 1 1 )
col 56: (0 0 1 1 1 0 1 1 )
col 57: (1 1 1 0 1 0 0 1 )
col 58: (1 0 1 0 1 1 0 1 )
col 59: (0 1 0 1 1 0 1 1 )
col 60: (0 1 1 1 1 1 0 0 )
col 61: (1 1 0 1 1 1 0 0 )
col 62: (0 1 1 1 0 1 1 0 )
col 63: (0 0 0 1 1 1 1 1 )
col 64: (1 1 0 1 1 0 1 0 )
col 65: (1 0 0 0 0 0 0 0 )
col 66: (0 1 0 0 0 0 0 0 )
col 67: (0 0 1 0 0 0 0 0 )
col 68: (0 0 0 1 0 0 0 0 )
col 69: (0 0 0 0 1 0 0 0 )
col 70: (0 0 0 0 0 1 0 0 )
col 71: (0 0 0 0 0 0 1 0 )
col 72: (0 0 0 0 0 0 0 1 )
138 11 73 21 81 37 88 22 176 52 28 146 76 67 82 161 98 19 26 97 134 104 133 84 162 50 152 35 115 174 205 122 214 234 121 230 47 199 79 186 31 87 109 143 93 55 188 227 155 103 157 171 206 118 241 220 151 181 218 62 59 110 248 91 1 2 4 8 16 32 64 128 



N72K64
-----------------------------------
Found @ iteration: 60 ; game = 1 
After 800.922 seconds
# Bad Cycles: 1282
# Set Bits:   272
# Max Row Weight: 39
col 1 : (0 1 0 1 0 0 0 1 )
col 2 : (1 1 0 1 0 0 0 0 )
col 3 : (1 0 0 1 0 0 1 0 )
col 4 : (1 0 1 0 1 0 0 0 )
col 5 : (1 0 0 0 1 0 1 0 )
col 6 : (1 0 1 0 0 1 0 0 )
col 7 : (0 0 0 1 1 0 1 0 )
col 8 : (0 1 1 0 1 0 0 0 )
col 9 : (0 0 0 0 1 1 0 1 )
col 10: (0 0 1 0 1 1 0 0 )
col 11: (0 0 1 1 1 0 0 0 )
col 12: (0 1 0 0 1 0 0 1 )
col 13: (0 0 1 1 0 0 1 0 )
col 14: (1 1 0 0 0 0 1 0 )
col 15: (0 1 0 0 1 0 1 0 )
col 16: (1 0 0 0 0 1 0 1 )
col 17: (0 1 0 0 0 1 1 0 )
col 18: (1 1 0 0 1 0 0 0 )
col 19: (0 1 0 1 1 0 0 0 )
col 20: (1 0 0 0 0 1 1 0 )
col 21: (0 1 1 0 0 0 0 1 )
col 22: (0 0 0 1 0 1 1 0 )
col 23: (1 0 1 0 0 0 0 1 )
col 24: (0 0 1 0 1 0 1 0 )
col 25: (0 1 0 0 0 1 0 1 )
col 26: (0 1 0 0 1 1 0 0 )
col 27: (0 0 0 1 1 0 0 1 )
col 28: (1 1 0 0 0 1 0 0 )
col 29: (1 1 0 0 1 1 1 0 )
col 30: (0 1 1 1 0 1 0 1 )
col 31: (1 0 1 1 0 0 1 1 )
col 32: (0 1 0 1 1 1 1 0 )
col 33: (0 1 1 0 1 0 1 1 )
col 34: (0 1 0 1 0 1 1 1 )
col 35: (1 0 0 1 1 1 1 0 )
col 36: (0 1 1 0 0 1 1 1 )
col 37: (1 1 1 1 0 1 0 0 )
col 38: (1 1 1 0 0 0 1 1 )
col 39: (1 1 1 1 0 0 1 0 )
col 40: (0 1 0 1 1 1 0 1 )
col 41: (1 1 1 1 1 0 0 0 )
col 42: (1 1 1 0 1 0 1 0 )
col 43: (1 0 1 1 0 1 1 0 )
col 44: (1 1 1 1 0 0 0 1 )
col 45: (1 0 1 1 1 0 1 0 )
col 46: (1 1 1 0 1 1 0 0 )
col 47: (0 0 1 1 1 1 0 1 )
col 48: (1 1 0 0 0 1 1 1 )
col 49: (1 1 0 1 1 0 0 1 )
col 50: (1 1 1 0 0 1 1 0 )
col 51: (1 0 1 1 1 0 0 1 )
col 52: (1 1 0 1 0 1 0 1 )
col 53: (0 1 1 1 0 0 1 1 )
col 54: (0 1 1 0 1 1 1 0 )
col 55: (1 0 0 0 1 1 1 1 )
col 56: (0 0 1 1 1 0 1 1 )
col 57: (1 1 1 0 1 0 0 1 )
col 58: (1 0 1 0 1 1 0 1 )
col 59: (0 1 0 1 1 0 1 1 )
col 60: (0 1 1 1 1 1 0 0 )
col 61: (0 0 1 0 1 1 1 1 )
col 62: (0 1 1 1 0 1 1 0 )
col 63: (0 0 0 1 1 1 1 1 )
col 64: (1 1 0 1 1 0 1 0 )
col 65: (1 0 0 0 0 0 0 0 )
col 66: (0 1 0 0 0 0 0 0 )
col 67: (0 0 1 0 0 0 0 0 )
col 68: (0 0 0 1 0 0 0 0 )
col 69: (0 0 0 0 1 0 0 0 )
col 70: (0 0 0 0 0 1 0 0 )
col 71: (0 0 0 0 0 0 1 0 )
col 72: (0 0 0 0 0 0 0 1 )
138 11 73 21 81 37 88 22 176 52 28 146 76 67 82 161 98 19 26 97 134 104 133 84 162 50 152 35 115 174 205 122 214 234 121 230 47 199 79 186 31 87 109 143 93 55 188 227 155 103 157 171 206 118 241 220 151 181 218 62 244 110 248 91 1 2 4 8 16 32 64 128 



=====================
Execution time: 808.556 seconds
No matrix found yet... :(


N72K64
-----------------------------------
Found @ iteration: 45 ; game = 1 
After 660.843 seconds
# Bad Cycles: 1316
# Set Bits:   272
# Max Row Weight: 41
col 1 : (1 1 0 1 0 0 0 0 )
col 2 : (0 0 0 0 1 1 0 1 )
col 3 : (0 1 0 1 0 1 0 0 )
col 4 : (1 0 0 1 1 0 0 0 )
col 5 : (1 1 0 0 0 0 1 0 )
col 6 : (0 0 1 1 1 0 0 0 )
col 7 : (0 0 1 0 1 0 0 1 )
col 8 : (1 0 1 1 0 0 0 0 )
col 9 : (1 0 0 0 0 1 0 1 )
col 10: (1 1 0 0 1 0 0 0 )
col 11: (1 0 0 0 0 0 1 1 )
col 12: (1 0 0 0 1 0 1 0 )
col 13: (1 1 1 0 0 0 0 0 )
col 14: (0 1 0 0 1 0 1 0 )
col 15: (1 0 1 0 0 0 1 0 )
col 16: (1 0 1 0 1 0 0 0 )
col 17: (0 1 0 0 0 1 0 1 )
col 18: (1 0 0 0 0 1 1 0 )
col 19: (0 0 0 1 1 1 0 0 )
col 20: (1 0 1 0 0 0 0 1 )
col 21: (0 0 1 1 0 0 1 0 )
col 22: (0 1 1 1 0 0 0 0 )
col 23: (1 0 1 0 0 1 0 0 )
col 24: (0 0 1 0 0 1 0 1 )
col 25: (1 1 0 0 0 0 0 1 )
col 26: (0 0 0 1 0 1 1 0 )
col 27: (1 1 0 0 0 1 0 0 )
col 28: (0 1 1 0 1 0 0 0 )
col 29: (1 0 1 1 0 1 1 0 )
col 30: (1 0 1 1 1 0 0 1 )
col 31: (1 1 0 1 1 1 0 0 )
col 32: (1 1 1 1 1 0 0 0 )
col 33: (0 0 1 1 1 1 1 0 )
col 34: (0 1 1 1 1 0 0 1 )
col 35: (1 1 0 1 0 1 1 0 )
col 36: (1 1 1 0 1 1 0 0 )
col 37: (0 1 0 0 1 1 1 1 )
col 38: (0 0 0 1 1 1 1 1 )
col 39: (1 1 1 0 0 0 1 1 )
col 40: (0 0 1 1 1 0 1 1 )
col 41: (1 0 1 0 1 0 1 1 )
col 42: (1 0 1 1 0 1 0 1 )
col 43: (0 0 1 1 1 1 0 1 )
col 44: (0 1 0 1 1 1 1 0 )
col 45: (1 1 1 0 1 0 0 1 )
col 46: (0 1 1 0 1 1 0 1 )
col 47: (1 0 1 0 0 1 1 1 )
col 48: (1 0 1 1 1 0 1 0 )
col 49: (0 1 0 1 1 0 1 1 )
col 50: (0 1 1 1 0 0 1 1 )
col 51: (1 1 1 1 0 1 0 0 )
col 52: (1 0 0 1 1 0 1 1 )
col 53: (1 1 1 0 1 0 1 0 )
col 54: (0 1 1 0 0 1 1 1 )
col 55: (1 1 1 1 0 0 0 1 )
col 56: (1 0 0 0 1 1 1 1 )
col 57: (1 0 1 1 0 0 1 1 )
col 58: (1 1 1 0 0 1 1 0 )
col 59: (0 0 1 0 1 1 1 1 )
col 60: (1 1 0 1 1 0 0 1 )
col 61: (1 1 0 0 1 0 1 1 )
col 62: (1 0 0 1 1 1 0 1 )
col 63: (1 0 1 0 1 1 1 0 )
col 64: (1 1 0 1 0 0 1 1 )
col 65: (1 0 0 0 0 0 0 0 )
col 66: (0 1 0 0 0 0 0 0 )
col 67: (0 0 1 0 0 0 0 0 )
col 68: (0 0 0 1 0 0 0 0 )
col 69: (0 0 0 0 1 0 0 0 )
col 70: (0 0 0 0 0 1 0 0 )
col 71: (0 0 0 0 0 0 1 0 )
col 72: (0 0 0 0 0 0 0 1 )
11 176 42 25 67 28 148 13 161 19 193 81 7 82 69 21 162 97 56 133 76 14 37 164 131 104 35 22 109 157 59 31 124 158 107 55 242 248 199 220 213 173 188 122 151 182 229 93 218 206 47 217 87 230 143 241 205 103 244 155 211 185 117 203 1 2 4 8 16 32 64 128 



N72K64
-----------------------------------
Found @ iteration: 48 ; game = 1 
After 729.816 seconds
# Bad Cycles: 1308
# Set Bits:   272
# Max Row Weight: 39
col 1 : (1 1 0 1 0 0 0 0 )
col 2 : (0 0 0 0 1 1 0 1 )
col 3 : (0 1 0 1 0 1 0 0 )
col 4 : (1 0 0 1 1 0 0 0 )
col 5 : (1 1 0 0 0 0 1 0 )
col 6 : (0 0 1 1 1 0 0 0 )
col 7 : (0 0 1 0 1 0 0 1 )
col 8 : (1 0 1 1 0 0 0 0 )
col 9 : (1 0 0 0 0 1 0 1 )
col 10: (1 1 0 0 1 0 0 0 )
col 11: (1 0 0 0 0 0 1 1 )
col 12: (1 0 0 0 1 0 1 0 )
col 13: (1 1 1 0 0 0 0 0 )
col 14: (0 1 0 0 1 0 1 0 )
col 15: (1 0 1 0 0 0 1 0 )
col 16: (1 0 1 0 1 0 0 0 )
col 17: (0 1 0 0 0 1 0 1 )
col 18: (1 0 0 0 0 1 1 0 )
col 19: (0 0 0 1 1 1 0 0 )
col 20: (1 0 1 0 0 0 0 1 )
col 21: (0 0 1 1 0 0 1 0 )
col 22: (0 1 1 1 0 0 0 0 )
col 23: (1 0 1 0 0 1 0 0 )
col 24: (0 0 1 0 0 1 0 1 )
col 25: (1 1 0 0 0 0 0 1 )
col 26: (0 0 0 1 0 1 1 0 )
col 27: (1 1 0 0 0 1 0 0 )
col 28: (0 1 1 0 1 0 0 0 )
col 29: (1 0 1 1 0 1 1 0 )
col 30: (1 0 1 1 1 0 0 1 )
col 31: (1 1 0 1 1 1 0 0 )
col 32: (1 1 1 1 1 0 0 0 )
col 33: (0 0 1 1 1 1 1 0 )
col 34: (0 1 1 1 1 0 0 1 )
col 35: (1 1 0 1 0 1 1 0 )
col 36: (1 1 1 0 1 1 0 0 )
col 37: (0 1 0 0 1 1 1 1 )
col 38: (0 0 0 1 1 1 1 1 )
col 39: (1 1 1 0 0 0 1 1 )
col 40: (0 0 1 1 1 0 1 1 )
col 41: (1 0 1 0 1 0 1 1 )
col 42: (1 0 1 1 0 1 0 1 )
col 43: (0 0 1 1 1 1 0 1 )
col 44: (0 1 0 1 1 1 1 0 )
col 45: (1 1 1 0 1 0 0 1 )
col 46: (0 1 1 0 1 1 0 1 )
col 47: (1 0 1 0 0 1 1 1 )
col 48: (1 0 0 1 1 1 1 0 )
col 49: (0 1 1 0 1 0 1 1 )
col 50: (0 1 1 1 1 1 0 0 )
col 51: (1 0 1 0 1 1 0 1 )
col 52: (1 1 1 1 0 0 1 0 )
col 53: (0 1 1 0 1 1 1 0 )
col 54: (1 1 1 1 0 0 0 1 )
col 55: (1 1 0 0 0 1 1 1 )
col 56: (1 0 0 1 1 0 1 1 )
col 57: (1 1 0 1 0 1 0 1 )
col 58: (1 1 1 0 0 1 1 0 )
col 59: (1 1 0 0 1 0 1 1 )
col 60: (0 1 1 1 1 0 1 0 )
col 61: (1 1 1 1 0 1 0 0 )
col 62: (0 1 1 1 0 0 1 1 )
col 63: (1 0 1 1 1 1 0 0 )
col 64: (0 1 0 1 1 0 1 1 )
col 65: (1 0 0 0 0 0 0 0 )
col 66: (0 1 0 0 0 0 0 0 )
col 67: (0 0 1 0 0 0 0 0 )
col 68: (0 0 0 1 0 0 0 0 )
col 69: (0 0 0 0 1 0 0 0 )
col 70: (0 0 0 0 0 1 0 0 )
col 71: (0 0 0 0 0 0 1 0 )
col 72: (0 0 0 0 0 0 0 1 )
11 176 42 25 67 28 148 13 161 19 193 81 7 82 69 21 162 97 56 133 76 14 37 164 131 104 35 22 109 157 59 31 124 158 107 55 242 248 199 220 213 173 188 122 151 182 229 121 214 62 181 79 118 143 227 217 171 103 211 94 47 206 61 218 1 2 4 8 16 32 64 128 



N72K64
-----------------------------------
Found @ iteration: 51 ; game = 1 
After 780.785 seconds
# Bad Cycles: 1305
# Set Bits:   272
# Max Row Weight: 39
col 1 : (1 1 0 1 0 0 0 0 )
col 2 : (0 0 0 0 1 1 0 1 )
col 3 : (0 1 0 1 0 1 0 0 )
col 4 : (1 0 0 1 1 0 0 0 )
col 5 : (1 1 0 0 0 0 1 0 )
col 6 : (0 0 1 1 1 0 0 0 )
col 7 : (0 0 1 0 1 0 0 1 )
col 8 : (1 0 1 1 0 0 0 0 )
col 9 : (1 0 0 0 0 1 0 1 )
col 10: (1 1 0 0 1 0 0 0 )
col 11: (1 0 0 0 0 0 1 1 )
col 12: (1 0 0 0 1 0 1 0 )
col 13: (1 1 1 0 0 0 0 0 )
col 14: (0 1 0 0 1 0 1 0 )
col 15: (1 0 1 0 0 0 1 0 )
col 16: (1 0 1 0 1 0 0 0 )
col 17: (0 1 0 0 0 1 0 1 )
col 18: (1 0 0 0 0 1 1 0 )
col 19: (0 0 0 1 1 1 0 0 )
col 20: (1 0 1 0 0 0 0 1 )
col 21: (0 0 1 1 0 0 1 0 )
col 22: (0 1 1 1 0 0 0 0 )
col 23: (1 0 1 0 0 1 0 0 )
col 24: (0 0 1 0 0 1 0 1 )
col 25: (1 1 0 0 0 0 0 1 )
col 26: (0 0 0 1 0 1 1 0 )
col 27: (1 1 0 0 0 1 0 0 )
col 28: (0 1 1 0 1 0 0 0 )
col 29: (1 0 1 1 0 1 1 0 )
col 30: (1 0 1 1 1 0 0 1 )
col 31: (1 1 0 1 1 1 0 0 )
col 32: (1 1 1 1 1 0 0 0 )
col 33: (0 0 1 1 1 1 1 0 )
col 34: (0 1 1 1 1 0 0 1 )
col 35: (1 1 0 1 0 1 1 0 )
col 36: (1 1 1 0 1 1 0 0 )
col 37: (0 1 0 0 1 1 1 1 )
col 38: (0 0 0 1 1 1 1 1 )
col 39: (1 1 1 0 0 0 1 1 )
col 40: (0 0 1 1 1 0 1 1 )
col 41: (1 0 1 0 1 0 1 1 )
col 42: (1 0 1 1 0 1 0 1 )
col 43: (0 0 1 1 1 1 0 1 )
col 44: (0 1 0 1 1 1 1 0 )
col 45: (1 1 1 0 1 0 0 1 )
col 46: (0 1 1 0 1 1 0 1 )
col 47: (1 0 1 0 0 1 1 1 )
col 48: (1 0 0 1 1 1 1 0 )
col 49: (0 1 1 0 1 0 1 1 )
col 50: (0 1 1 1 1 1 0 0 )
col 51: (0 0 1 0 1 1 1 1 )
col 52: (1 1 1 0 0 1 1 0 )
col 53: (1 1 1 1 0 1 0 0 )
col 54: (0 1 1 1 0 0 1 1 )
col 55: (1 0 1 1 1 1 0 0 )
col 56: (0 1 0 1 1 0 1 1 )
col 57: (1 1 0 1 1 0 0 1 )
col 58: (1 1 1 1 0 0 1 0 )
col 59: (0 1 1 0 1 1 1 0 )
col 60: (1 1 0 0 0 1 1 1 )
col 61: (1 0 0 0 1 1 1 1 )
col 62: (1 1 1 1 0 0 0 1 )
col 63: (1 0 1 0 1 1 0 1 )
col 64: (1 1 0 1 0 1 0 1 )
col 65: (1 0 0 0 0 0 0 0 )
col 66: (0 1 0 0 0 0 0 0 )
col 67: (0 0 1 0 0 0 0 0 )
col 68: (0 0 0 1 0 0 0 0 )
col 69: (0 0 0 0 1 0 0 0 )
col 70: (0 0 0 0 0 1 0 0 )
col 71: (0 0 0 0 0 0 1 0 )
col 72: (0 0 0 0 0 0 0 1 )
11 176 42 25 67 28 148 13 161 19 193 81 7 82 69 21 162 97 56 133 76 14 37 164 131 104 35 22 109 157 59 31 124 158 107 55 242 248 199 220 213 173 188 122 151 182 229 121 214 62 244 103 47 206 61 218 155 79 118 227 241 143 181 171 1 2 4 8 16 32 64 128 



N72K64
-----------------------------------
Found @ iteration: 54 ; game = 1 
After 825.850 seconds
# Bad Cycles: 1298
# Set Bits:   272
# Max Row Weight: 38
col 1 : (1 1 0 1 0 0 0 0 )
col 2 : (0 0 0 0 1 1 0 1 )
col 3 : (0 1 0 1 0 1 0 0 )
col 4 : (1 0 0 1 1 0 0 0 )
col 5 : (1 1 0 0 0 0 1 0 )
col 6 : (0 0 1 1 1 0 0 0 )
col 7 : (0 0 1 0 1 0 0 1 )
col 8 : (1 0 1 1 0 0 0 0 )
col 9 : (1 0 0 0 0 1 0 1 )
col 10: (1 1 0 0 1 0 0 0 )
col 11: (1 0 0 0 0 0 1 1 )
col 12: (1 0 0 0 1 0 1 0 )
col 13: (1 1 1 0 0 0 0 0 )
col 14: (0 1 0 0 1 0 1 0 )
col 15: (1 0 1 0 0 0 1 0 )
col 16: (1 0 1 0 1 0 0 0 )
col 17: (0 1 0 0 0 1 0 1 )
col 18: (1 0 0 0 0 1 1 0 )
col 19: (0 0 0 1 1 1 0 0 )
col 20: (1 0 1 0 0 0 0 1 )
col 21: (0 0 1 1 0 0 1 0 )
col 22: (0 1 1 1 0 0 0 0 )
col 23: (1 0 1 0 0 1 0 0 )
col 24: (0 0 1 0 0 1 0 1 )
col 25: (1 1 0 0 0 0 0 1 )
col 26: (0 0 0 1 0 1 1 0 )
col 27: (1 1 0 0 0 1 0 0 )
col 28: (0 1 1 0 1 0 0 0 )
col 29: (1 0 1 1 0 1 1 0 )
col 30: (1 0 1 1 1 0 0 1 )
col 31: (1 1 0 1 1 1 0 0 )
col 32: (1 1 1 1 1 0 0 0 )
col 33: (0 0 1 1 1 1 1 0 )
col 34: (0 1 1 1 1 0 0 1 )
col 35: (1 1 0 1 0 1 1 0 )
col 36: (1 1 1 0 1 1 0 0 )
col 37: (0 1 0 0 1 1 1 1 )
col 38: (0 0 0 1 1 1 1 1 )
col 39: (1 1 1 0 0 0 1 1 )
col 40: (0 0 1 1 1 0 1 1 )
col 41: (1 0 1 0 1 0 1 1 )
col 42: (1 0 1 1 0 1 0 1 )
col 43: (0 0 1 1 1 1 0 1 )
col 44: (0 1 0 1 1 1 1 0 )
col 45: (1 1 1 0 1 0 0 1 )
col 46: (0 1 1 0 1 1 0 1 )
col 47: (1 0 1 0 0 1 1 1 )
col 48: (1 0 0 1 1 1 1 0 )
col 49: (0 1 1 0 1 0 1 1 )
col 50: (0 1 1 1 1 1 0 0 )
col 51: (0 0 1 0 1 1 1 1 )
col 52: (1 1 1 0 0 1 1 0 )
col 53: (1 1 1 1 0 1 0 0 )
col 54: (1 0 0 1 1 0 1 1 )
col 55: (1 1 1 1 0 0 1 0 )
col 56: (0 0 1 1 0 1 1 1 )
col 57: (1 0 1 1 1 0 1 0 )
col 58: (0 1 1 1 0 1 0 1 )
col 59: (0 1 0 1 1 0 1 1 )
col 60: (1 1 0 1 1 0 0 1 )
col 61: (0 1 1 0 0 1 1 1 )
col 62: (1 1 0 1 0 0 1 1 )
col 63: (1 1 0 0 1 1 1 0 )
col 64: (1 0 1 1 1 1 0 0 )
col 65: (1 0 0 0 0 0 0 0 )
col 66: (0 1 0 0 0 0 0 0 )
col 67: (0 0 1 0 0 0 0 0 )
col 68: (0 0 0 1 0 0 0 0 )
col 69: (0 0 0 0 1 0 0 0 )
col 70: (0 0 0 0 0 1 0 0 )
col 71: (0 0 0 0 0 0 1 0 )
col 72: (0 0 0 0 0 0 0 1 )
11 176 42 25 67 28 148 13 161 19 193 81 7 82 69 21 162 97 56 133 76 14 37 164 131 104 35 22 109 157 59 31 124 158 107 55 242 248 199 220 213 173 188 122 151 182 229 121 214 62 244 103 47 217 79 236 93 174 218 155 230 203 115 61 1 2 4 8 16 32 64 128 



N72K64
-----------------------------------
Found @ iteration: 55 ; game = 1 
After 840.591 seconds
# Bad Cycles: 1294
# Set Bits:   272
# Max Row Weight: 40
col 1 : (1 1 0 1 0 0 0 0 )
col 2 : (0 0 0 0 1 1 0 1 )
col 3 : (0 1 0 1 0 1 0 0 )
col 4 : (1 0 0 1 1 0 0 0 )
col 5 : (1 1 0 0 0 0 1 0 )
col 6 : (0 0 1 1 1 0 0 0 )
col 7 : (0 0 1 0 1 0 0 1 )
col 8 : (1 0 1 1 0 0 0 0 )
col 9 : (1 0 0 0 0 1 0 1 )
col 10: (1 1 0 0 1 0 0 0 )
col 11: (1 0 0 0 0 0 1 1 )
col 12: (1 0 0 0 1 0 1 0 )
col 13: (1 1 1 0 0 0 0 0 )
col 14: (0 1 0 0 1 0 1 0 )
col 15: (1 0 1 0 0 0 1 0 )
col 16: (1 0 1 0 1 0 0 0 )
col 17: (0 1 0 0 0 1 0 1 )
col 18: (1 0 0 0 0 1 1 0 )
col 19: (0 0 0 1 1 1 0 0 )
col 20: (1 0 1 0 0 0 0 1 )
col 21: (0 0 1 1 0 0 1 0 )
col 22: (0 1 1 1 0 0 0 0 )
col 23: (1 0 1 0 0 1 0 0 )
col 24: (0 0 1 0 0 1 0 1 )
col 25: (1 1 0 0 0 0 0 1 )
col 26: (0 0 0 1 0 1 1 0 )
col 27: (1 1 0 0 0 1 0 0 )
col 28: (0 1 1 0 1 0 0 0 )
col 29: (1 0 1 1 0 1 1 0 )
col 30: (1 0 1 1 1 0 0 1 )
col 31: (1 1 0 1 1 1 0 0 )
col 32: (1 1 1 1 1 0 0 0 )
col 33: (0 0 1 1 1 1 1 0 )
col 34: (0 1 1 1 1 0 0 1 )
col 35: (1 1 0 1 0 1 1 0 )
col 36: (1 1 1 0 1 1 0 0 )
col 37: (0 1 0 0 1 1 1 1 )
col 38: (0 0 0 1 1 1 1 1 )
col 39: (1 1 1 0 0 0 1 1 )
col 40: (0 0 1 1 1 0 1 1 )
col 41: (1 0 1 0 1 0 1 1 )
col 42: (1 0 1 1 0 1 0 1 )
col 43: (0 0 1 1 1 1 0 1 )
col 44: (0 1 0 1 1 1 1 0 )
col 45: (1 1 1 0 1 0 0 1 )
col 46: (0 1 1 0 1 1 0 1 )
col 47: (1 0 1 0 0 1 1 1 )
col 48: (1 0 0 1 1 1 1 0 )
col 49: (0 1 1 0 1 0 1 1 )
col 50: (0 1 1 1 1 1 0 0 )
col 51: (0 0 1 0 1 1 1 1 )
col 52: (1 1 1 0 0 1 1 0 )
col 53: (1 1 1 1 0 1 0 0 )
col 54: (1 0 0 1 1 0 1 1 )
col 55: (1 1 1 0 1 0 1 0 )
col 56: (0 1 1 1 0 1 0 1 )
col 57: (1 1 0 0 0 1 1 1 )
col 58: (1 1 0 1 0 0 1 1 )
col 59: (1 0 0 0 1 1 1 1 )
col 60: (1 1 1 1 0 0 0 1 )
col 61: (1 1 0 0 1 1 0 1 )
col 62: (0 1 0 1 1 0 1 1 )
col 63: (1 0 1 1 1 1 0 0 )
col 64: (1 1 1 1 0 0 1 0 )
col 65: (1 0 0 0 0 0 0 0 )
col 66: (0 1 0 0 0 0 0 0 )
col 67: (0 0 1 0 0 0 0 0 )
col 68: (0 0 0 1 0 0 0 0 )
col 69: (0 0 0 0 1 0 0 0 )
col 70: (0 0 0 0 0 1 0 0 )
col 71: (0 0 0 0 0 0 1 0 )
col 72: (0 0 0 0 0 0 0 1 )
11 176 42 25 67 28 148 13 161 19 193 81 7 82 69 21 162 97 56 133 76 14 37 164 131 104 35 22 109 157 59 31 124 158 107 55 242 248 199 220 213 173 188 122 151 182 229 121 214 62 244 103 47 217 87 174 227 203 241 143 179 218 61 79 1 2 4 8 16 32 64 128 



N72K64
-----------------------------------
Found @ iteration: 55 ; game = 1 
After 852.071 seconds
# Bad Cycles: 1293
# Set Bits:   272
# Max Row Weight: 40
col 1 : (1 1 0 1 0 0 0 0 )
col 2 : (0 0 0 0 1 1 0 1 )
col 3 : (0 1 0 1 0 1 0 0 )
col 4 : (1 0 0 1 1 0 0 0 )
col 5 : (1 1 0 0 0 0 1 0 )
col 6 : (0 0 1 1 1 0 0 0 )
col 7 : (0 0 1 0 1 0 0 1 )
col 8 : (1 0 1 1 0 0 0 0 )
col 9 : (1 0 0 0 0 1 0 1 )
col 10: (1 1 0 0 1 0 0 0 )
col 11: (1 0 0 0 0 0 1 1 )
col 12: (1 0 0 0 1 0 1 0 )
col 13: (1 1 1 0 0 0 0 0 )
col 14: (0 1 0 0 1 0 1 0 )
col 15: (1 0 1 0 0 0 1 0 )
col 16: (1 0 1 0 1 0 0 0 )
col 17: (0 1 0 0 0 1 0 1 )
col 18: (1 0 0 0 0 1 1 0 )
col 19: (0 0 0 1 1 1 0 0 )
col 20: (1 0 1 0 0 0 0 1 )
col 21: (0 0 1 1 0 0 1 0 )
col 22: (0 1 1 1 0 0 0 0 )
col 23: (1 0 1 0 0 1 0 0 )
col 24: (0 0 1 0 0 1 0 1 )
col 25: (1 1 0 0 0 0 0 1 )
col 26: (0 0 0 1 0 1 1 0 )
col 27: (1 1 0 0 0 1 0 0 )
col 28: (0 1 1 0 1 0 0 0 )
col 29: (1 0 1 1 0 1 1 0 )
col 30: (1 0 1 1 1 0 0 1 )
col 31: (1 1 0 1 1 1 0 0 )
col 32: (1 1 1 1 1 0 0 0 )
col 33: (0 0 1 1 1 1 1 0 )
col 34: (0 1 1 1 1 0 0 1 )
col 35: (1 1 0 1 0 1 1 0 )
col 36: (1 1 1 0 1 1 0 0 )
col 37: (0 1 0 0 1 1 1 1 )
col 38: (0 0 0 1 1 1 1 1 )
col 39: (1 1 1 0 0 0 1 1 )
col 40: (0 0 1 1 1 0 1 1 )
col 41: (1 0 1 0 1 0 1 1 )
col 42: (1 0 1 1 0 1 0 1 )
col 43: (0 0 1 1 1 1 0 1 )
col 44: (0 1 0 1 1 1 1 0 )
col 45: (1 1 1 0 1 0 0 1 )
col 46: (0 1 1 0 1 1 0 1 )
col 47: (1 0 1 0 0 1 1 1 )
col 48: (1 0 0 1 1 1 1 0 )
col 49: (0 1 1 0 1 0 1 1 )
col 50: (0 1 1 1 1 1 0 0 )
col 51: (0 0 1 0 1 1 1 1 )
col 52: (1 1 1 0 0 1 1 0 )
col 53: (1 1 1 1 0 1 0 0 )
col 54: (1 0 0 1 1 0 1 1 )
col 55: (1 1 0 1 1 0 1 0 )
col 56: (1 0 1 0 1 1 0 1 )
col 57: (1 1 0 1 0 0 1 1 )
col 58: (0 1 1 1 0 1 1 0 )
col 59: (1 0 0 0 1 1 1 1 )
col 60: (1 1 0 1 1 0 0 1 )
col 61: (1 1 0 0 1 1 0 1 )
col 62: (1 0 1 1 1 1 0 0 )
col 63: (1 1 1 1 0 0 1 0 )
col 64: (0 1 0 1 1 0 1 1 )
col 65: (1 0 0 0 0 0 0 0 )
col 66: (0 1 0 0 0 0 0 0 )
col 67: (0 0 1 0 0 0 0 0 )
col 68: (0 0 0 1 0 0 0 0 )
col 69: (0 0 0 0 1 0 0 0 )
col 70: (0 0 0 0 0 1 0 0 )
col 71: (0 0 0 0 0 0 1 0 )
col 72: (0 0 0 0 0 0 0 1 )
11 176 42 25 67 28 148 13 161 19 193 81 7 82 69 21 162 97 56 133 76 14 37 164 131 104 35 22 109 157 59 31 124 158 107 55 242 248 199 220 213 173 188 122 151 182 229 121 214 62 244 103 47 217 91 181 203 110 241 155 179 61 79 218 1 2 4 8 16 32 64 128 



N72K64
-----------------------------------
Found @ iteration: 57 ; game = 1 
After 869.826 seconds
# Bad Cycles: 1292
# Set Bits:   272
# Max Row Weight: 38
col 1 : (1 1 0 1 0 0 0 0 )
col 2 : (0 0 0 0 1 1 0 1 )
col 3 : (0 1 0 1 0 1 0 0 )
col 4 : (1 0 0 1 1 0 0 0 )
col 5 : (1 1 0 0 0 0 1 0 )
col 6 : (0 0 1 1 1 0 0 0 )
col 7 : (0 0 1 0 1 0 0 1 )
col 8 : (1 0 1 1 0 0 0 0 )
col 9 : (1 0 0 0 0 1 0 1 )
col 10: (1 1 0 0 1 0 0 0 )
col 11: (1 0 0 0 0 0 1 1 )
col 12: (1 0 0 0 1 0 1 0 )
col 13: (1 1 1 0 0 0 0 0 )
col 14: (0 1 0 0 1 0 1 0 )
col 15: (1 0 1 0 0 0 1 0 )
col 16: (1 0 1 0 1 0 0 0 )
col 17: (0 1 0 0 0 1 0 1 )
col 18: (1 0 0 0 0 1 1 0 )
col 19: (0 0 0 1 1 1 0 0 )
col 20: (1 0 1 0 0 0 0 1 )
col 21: (0 0 1 1 0 0 1 0 )
col 22: (0 1 1 1 0 0 0 0 )
col 23: (1 0 1 0 0 1 0 0 )
col 24: (0 0 1 0 0 1 0 1 )
col 25: (1 1 0 0 0 0 0 1 )
col 26: (0 0 0 1 0 1 1 0 )
col 27: (1 1 0 0 0 1 0 0 )
col 28: (0 1 1 0 1 0 0 0 )
col 29: (1 0 1 1 0 1 1 0 )
col 30: (1 0 1 1 1 0 0 1 )
col 31: (1 1 0 1 1 1 0 0 )
col 32: (1 1 1 1 1 0 0 0 )
col 33: (0 0 1 1 1 1 1 0 )
col 34: (0 1 1 1 1 0 0 1 )
col 35: (1 1 0 1 0 1 1 0 )
col 36: (1 1 1 0 1 1 0 0 )
col 37: (0 1 0 0 1 1 1 1 )
col 38: (0 0 0 1 1 1 1 1 )
col 39: (1 1 1 0 0 0 1 1 )
col 40: (0 0 1 1 1 0 1 1 )
col 41: (1 0 1 0 1 0 1 1 )
col 42: (1 0 1 1 0 1 0 1 )
col 43: (0 0 1 1 1 1 0 1 )
col 44: (0 1 0 1 1 1 1 0 )
col 45: (1 1 1 0 1 0 0 1 )
col 46: (0 1 1 0 1 1 0 1 )
col 47: (1 0 1 0 0 1 1 1 )
col 48: (1 0 0 1 1 1 1 0 )
col 49: (0 1 1 0 1 0 1 1 )
col 50: (0 1 1 1 1 1 0 0 )
col 51: (0 0 1 0 1 1 1 1 )
col 52: (1 1 1 0 0 1 1 0 )
col 53: (1 1 1 1 0 1 0 0 )
col 54: (1 0 0 1 1 0 1 1 )
col 55: (1 1 0 1 1 0 1 0 )
col 56: (1 0 1 0 1 1 0 1 )
col 57: (1 0 0 0 1 1 1 1 )
col 58: (0 1 1 1 0 1 1 0 )
col 59: (1 1 0 1 0 0 1 1 )
col 60: (0 1 1 1 0 0 1 1 )
col 61: (1 0 1 1 1 1 0 0 )
col 62: (0 1 0 1 1 0 1 1 )
col 63: (0 0 1 1 0 1 1 1 )
col 64: (1 1 1 1 0 0 1 0 )
col 65: (1 0 0 0 0 0 0 0 )
col 66: (0 1 0 0 0 0 0 0 )
col 67: (0 0 1 0 0 0 0 0 )
col 68: (0 0 0 1 0 0 0 0 )
col 69: (0 0 0 0 1 0 0 0 )
col 70: (0 0 0 0 0 1 0 0 )
col 71: (0 0 0 0 0 0 1 0 )
col 72: (0 0 0 0 0 0 0 1 )
11 176 42 25 67 28 148 13 161 19 193 81 7 82 69 21 162 97 56 133 76 14 37 164 131 104 35 22 109 157 59 31 124 158 107 55 242 248 199 220 213 173 188 122 151 182 229 121 214 62 244 103 47 217 91 181 241 110 203 206 61 218 236 79 1 2 4 8 16 32 64 128 



N72K64
-----------------------------------
Found @ iteration: 58 ; game = 1 
After 883.491 seconds
# Bad Cycles: 1290
# Set Bits:   272
# Max Row Weight: 40
col 1 : (1 1 0 1 0 0 0 0 )
col 2 : (0 0 0 0 1 1 0 1 )
col 3 : (0 1 0 1 0 1 0 0 )
col 4 : (1 0 0 1 1 0 0 0 )
col 5 : (1 1 0 0 0 0 1 0 )
col 6 : (0 0 1 1 1 0 0 0 )
col 7 : (0 0 1 0 1 0 0 1 )
col 8 : (1 0 1 1 0 0 0 0 )
col 9 : (1 0 0 0 0 1 0 1 )
col 10: (1 1 0 0 1 0 0 0 )
col 11: (1 0 0 0 0 0 1 1 )
col 12: (1 0 0 0 1 0 1 0 )
col 13: (1 1 1 0 0 0 0 0 )
col 14: (0 1 0 0 1 0 1 0 )
col 15: (1 0 1 0 0 0 1 0 )
col 16: (1 0 1 0 1 0 0 0 )
col 17: (0 1 0 0 0 1 0 1 )
col 18: (1 0 0 0 0 1 1 0 )
col 19: (0 0 0 1 1 1 0 0 )
col 20: (1 0 1 0 0 0 0 1 )
col 21: (0 0 1 1 0 0 1 0 )
col 22: (0 1 1 1 0 0 0 0 )
col 23: (1 0 1 0 0 1 0 0 )
col 24: (0 0 1 0 0 1 0 1 )
col 25: (1 1 0 0 0 0 0 1 )
col 26: (0 0 0 1 0 1 1 0 )
col 27: (1 1 0 0 0 1 0 0 )
col 28: (0 1 1 0 1 0 0 0 )
col 29: (1 0 1 1 0 1 1 0 )
col 30: (1 0 1 1 1 0 0 1 )
col 31: (1 1 0 1 1 1 0 0 )
col 32: (1 1 1 1 1 0 0 0 )
col 33: (0 0 1 1 1 1 1 0 )
col 34: (0 1 1 1 1 0 0 1 )
col 35: (1 1 0 1 0 1 1 0 )
col 36: (1 1 1 0 1 1 0 0 )
col 37: (0 1 0 0 1 1 1 1 )
col 38: (0 0 0 1 1 1 1 1 )
col 39: (1 1 1 0 0 0 1 1 )
col 40: (0 0 1 1 1 0 1 1 )
col 41: (1 0 1 0 1 0 1 1 )
col 42: (1 0 1 1 0 1 0 1 )
col 43: (0 0 1 1 1 1 0 1 )
col 44: (0 1 0 1 1 1 1 0 )
col 45: (1 1 1 0 1 0 0 1 )
col 46: (0 1 1 0 1 1 0 1 )
col 47: (1 0 1 0 0 1 1 1 )
col 48: (1 0 0 1 1 1 1 0 )
col 49: (0 1 1 0 1 0 1 1 )
col 50: (0 1 1 1 1 1 0 0 )
col 51: (0 0 1 0 1 1 1 1 )
col 52: (1 1 1 0 0 1 1 0 )
col 53: (1 1 1 1 0 1 0 0 )
col 54: (1 0 0 1 1 0 1 1 )
col 55: (1 1 0 1 1 0 1 0 )
col 56: (1 0 1 0 1 1 0 1 )
col 57: (1 0 0 0 1 1 1 1 )
col 58: (1 1 0 1 1 0 0 1 )
col 59: (0 0 1 1 0 1 1 1 )
col 60: (1 1 0 0 1 1 1 0 )
col 61: (1 0 1 1 1 1 0 0 )
col 62: (1 1 1 1 0 0 1 0 )
col 63: (1 1 0 0 1 1 0 1 )
col 64: (0 1 0 1 1 0 1 1 )
col 65: (1 0 0 0 0 0 0 0 )
col 66: (0 1 0 0 0 0 0 0 )
col 67: (0 0 1 0 0 0 0 0 )
col 68: (0 0 0 1 0 0 0 0 )
col 69: (0 0 0 0 1 0 0 0 )
col 70: (0 0 0 0 0 1 0 0 )
col 71: (0 0 0 0 0 0 1 0 )
col 72: (0 0 0 0 0 0 0 1 )
11 176 42 25 67 28 148 13 161 19 193 81 7 82 69 21 162 97 56 133 76 14 37 164 131 104 35 22 109 157 59 31 124 158 107 55 242 248 199 220 213 173 188 122 151 182 229 121 214 62 244 103 47 217 91 181 241 155 236 115 61 79 179 218 1 2 4 8 16 32 64 128 



N72K64
-----------------------------------
Found @ iteration: 60 ; game = 1 
After 894.849 seconds
# Bad Cycles: 1289
# Set Bits:   272
# Max Row Weight: 39
col 1 : (1 1 0 1 0 0 0 0 )
col 2 : (0 0 0 0 1 1 0 1 )
col 3 : (0 1 0 1 0 1 0 0 )
col 4 : (1 0 0 1 1 0 0 0 )
col 5 : (1 1 0 0 0 0 1 0 )
col 6 : (0 0 1 1 1 0 0 0 )
col 7 : (0 0 1 0 1 0 0 1 )
col 8 : (1 0 1 1 0 0 0 0 )
col 9 : (1 0 0 0 0 1 0 1 )
col 10: (1 1 0 0 1 0 0 0 )
col 11: (1 0 0 0 0 0 1 1 )
col 12: (1 0 0 0 1 0 1 0 )
col 13: (1 1 1 0 0 0 0 0 )
col 14: (0 1 0 0 1 0 1 0 )
col 15: (1 0 1 0 0 0 1 0 )
col 16: (1 0 1 0 1 0 0 0 )
col 17: (0 1 0 0 0 1 0 1 )
col 18: (1 0 0 0 0 1 1 0 )
col 19: (0 0 0 1 1 1 0 0 )
col 20: (1 0 1 0 0 0 0 1 )
col 21: (0 0 1 1 0 0 1 0 )
col 22: (0 1 1 1 0 0 0 0 )
col 23: (1 0 1 0 0 1 0 0 )
col 24: (0 0 1 0 0 1 0 1 )
col 25: (1 1 0 0 0 0 0 1 )
col 26: (0 0 0 1 0 1 1 0 )
col 27: (1 1 0 0 0 1 0 0 )
col 28: (0 1 1 0 1 0 0 0 )
col 29: (1 0 1 1 0 1 1 0 )
col 30: (1 0 1 1 1 0 0 1 )
col 31: (1 1 0 1 1 1 0 0 )
col 32: (1 1 1 1 1 0 0 0 )
col 33: (0 0 1 1 1 1 1 0 )
col 34: (0 1 1 1 1 0 0 1 )
col 35: (1 1 0 1 0 1 1 0 )
col 36: (1 1 1 0 1 1 0 0 )
col 37: (0 1 0 0 1 1 1 1 )
col 38: (0 0 0 1 1 1 1 1 )
col 39: (1 1 1 0 0 0 1 1 )
col 40: (0 0 1 1 1 0 1 1 )
col 41: (1 0 1 0 1 0 1 1 )
col 42: (1 0 1 1 0 1 0 1 )
col 43: (0 0 1 1 1 1 0 1 )
col 44: (0 1 0 1 1 1 1 0 )
col 45: (1 1 1 0 1 0 0 1 )
col 46: (0 1 1 0 1 1 0 1 )
col 47: (1 0 1 0 0 1 1 1 )
col 48: (1 0 0 1 1 1 1 0 )
col 49: (0 1 1 0 1 0 1 1 )
col 50: (0 1 1 1 1 1 0 0 )
col 51: (0 0 1 0 1 1 1 1 )
col 52: (1 1 1 0 0 1 1 0 )
col 53: (1 1 1 1 0 1 0 0 )
col 54: (1 0 0 1 1 0 1 1 )
col 55: (1 1 0 1 1 0 1 0 )
col 56: (1 0 1 0 1 1 0 1 )
col 57: (1 0 0 0 1 1 1 1 )
col 58: (1 1 0 1 1 0 0 1 )
col 59: (0 0 1 1 0 1 1 1 )
col 60: (1 0 1 1 1 1 0 0 )
col 61: (1 0 0 1 1 1 0 1 )
col 62: (0 1 1 1 0 1 1 0 )
col 63: (1 1 0 0 1 1 0 1 )
col 64: (0 1 0 1 1 0 1 1 )
col 65: (1 0 0 0 0 0 0 0 )
col 66: (0 1 0 0 0 0 0 0 )
col 67: (0 0 1 0 0 0 0 0 )
col 68: (0 0 0 1 0 0 0 0 )
col 69: (0 0 0 0 1 0 0 0 )
col 70: (0 0 0 0 0 1 0 0 )
col 71: (0 0 0 0 0 0 1 0 )
col 72: (0 0 0 0 0 0 0 1 )
11 176 42 25 67 28 148 13 161 19 193 81 7 82 69 21 162 97 56 133 76 14 37 164 131 104 35 22 109 157 59 31 124 158 107 55 242 248 199 220 213 173 188 122 151 182 229 121 214 62 244 103 47 217 91 181 241 155 236 61 185 110 179 218 1 2 4 8 16 32 64 128 



N72K64
-----------------------------------
Found @ iteration: 60 ; game = 1 
After 896.222 seconds
# Bad Cycles: 1287
# Set Bits:   272
# Max Row Weight: 38
col 1 : (1 1 0 1 0 0 0 0 )
col 2 : (0 0 0 0 1 1 0 1 )
col 3 : (0 1 0 1 0 1 0 0 )
col 4 : (1 0 0 1 1 0 0 0 )
col 5 : (1 1 0 0 0 0 1 0 )
col 6 : (0 0 1 1 1 0 0 0 )
col 7 : (0 0 1 0 1 0 0 1 )
col 8 : (1 0 1 1 0 0 0 0 )
col 9 : (1 0 0 0 0 1 0 1 )
col 10: (1 1 0 0 1 0 0 0 )
col 11: (1 0 0 0 0 0 1 1 )
col 12: (1 0 0 0 1 0 1 0 )
col 13: (1 1 1 0 0 0 0 0 )
col 14: (0 1 0 0 1 0 1 0 )
col 15: (1 0 1 0 0 0 1 0 )
col 16: (1 0 1 0 1 0 0 0 )
col 17: (0 1 0 0 0 1 0 1 )
col 18: (1 0 0 0 0 1 1 0 )
col 19: (0 0 0 1 1 1 0 0 )
col 20: (1 0 1 0 0 0 0 1 )
col 21: (0 0 1 1 0 0 1 0 )
col 22: (0 1 1 1 0 0 0 0 )
col 23: (1 0 1 0 0 1 0 0 )
col 24: (0 0 1 0 0 1 0 1 )
col 25: (1 1 0 0 0 0 0 1 )
col 26: (0 0 0 1 0 1 1 0 )
col 27: (1 1 0 0 0 1 0 0 )
col 28: (0 1 1 0 1 0 0 0 )
col 29: (1 0 1 1 0 1 1 0 )
col 30: (1 0 1 1 1 0 0 1 )
col 31: (1 1 0 1 1 1 0 0 )
col 32: (1 1 1 1 1 0 0 0 )
col 33: (0 0 1 1 1 1 1 0 )
col 34: (0 1 1 1 1 0 0 1 )
col 35: (1 1 0 1 0 1 1 0 )
col 36: (1 1 1 0 1 1 0 0 )
col 37: (0 1 0 0 1 1 1 1 )
col 38: (0 0 0 1 1 1 1 1 )
col 39: (1 1 1 0 0 0 1 1 )
col 40: (0 0 1 1 1 0 1 1 )
col 41: (1 0 1 0 1 0 1 1 )
col 42: (1 0 1 1 0 1 0 1 )
col 43: (0 0 1 1 1 1 0 1 )
col 44: (0 1 0 1 1 1 1 0 )
col 45: (1 1 1 0 1 0 0 1 )
col 46: (0 1 1 0 1 1 0 1 )
col 47: (1 0 1 0 0 1 1 1 )
col 48: (1 0 0 1 1 1 1 0 )
col 49: (0 1 1 0 1 0 1 1 )
col 50: (0 1 1 1 1 1 0 0 )
col 51: (0 0 1 0 1 1 1 1 )
col 52: (1 1 1 0 0 1 1 0 )
col 53: (1 1 1 1 0 1 0 0 )
col 54: (1 0 0 1 1 0 1 1 )
col 55: (1 1 0 1 1 0 1 0 )
col 56: (1 0 1 0 1 1 0 1 )
col 57: (1 0 0 0 1 1 1 1 )
col 58: (1 1 0 1 1 0 0 1 )
col 59: (0 0 1 1 0 1 1 1 )
col 60: (1 0 1 1 1 1 0 0 )
col 61: (0 1 1 1 0 0 1 1 )
col 62: (1 1 0 0 1 1 0 1 )
col 63: (0 1 0 1 1 0 1 1 )
col 64: (0 1 1 0 0 1 1 1 )
col 65: (1 0 0 0 0 0 0 0 )
col 66: (0 1 0 0 0 0 0 0 )
col 67: (0 0 1 0 0 0 0 0 )
col 68: (0 0 0 1 0 0 0 0 )
col 69: (0 0 0 0 1 0 0 0 )
col 70: (0 0 0 0 0 1 0 0 )
col 71: (0 0 0 0 0 0 1 0 )
col 72: (0 0 0 0 0 0 0 1 )
11 176 42 25 67 28 148 13 161 19 193 81 7 82 69 21 162 97 56 133 76 14 37 164 131 104 35 22 109 157 59 31 124 158 107 55 242 248 199 220 213 173 188 122 151 182 229 121 214 62 244 103 47 217 91 181 241 155 236 61 206 179 218 230 1 2 4 8 16 32 64 128 



N72K64
-----------------------------------
Found @ iteration: 62 ; game = 1 
After 902.975 seconds
# Bad Cycles: 1286
# Set Bits:   272
# Max Row Weight: 39
col 1 : (1 1 0 1 0 0 0 0 )
col 2 : (0 0 0 0 1 1 0 1 )
col 3 : (0 1 0 1 0 1 0 0 )
col 4 : (1 0 0 1 1 0 0 0 )
col 5 : (1 1 0 0 0 0 1 0 )
col 6 : (0 0 1 1 1 0 0 0 )
col 7 : (0 0 1 0 1 0 0 1 )
col 8 : (1 0 1 1 0 0 0 0 )
col 9 : (1 0 0 0 0 1 0 1 )
col 10: (1 1 0 0 1 0 0 0 )
col 11: (1 0 0 0 0 0 1 1 )
col 12: (1 0 0 0 1 0 1 0 )
col 13: (1 1 1 0 0 0 0 0 )
col 14: (0 1 0 0 1 0 1 0 )
col 15: (1 0 1 0 0 0 1 0 )
col 16: (1 0 1 0 1 0 0 0 )
col 17: (0 1 0 0 0 1 0 1 )
col 18: (1 0 0 0 0 1 1 0 )
col 19: (0 0 0 1 1 1 0 0 )
col 20: (1 0 1 0 0 0 0 1 )
col 21: (0 0 1 1 0 0 1 0 )
col 22: (0 1 1 1 0 0 0 0 )
col 23: (1 0 1 0 0 1 0 0 )
col 24: (0 0 1 0 0 1 0 1 )
col 25: (1 1 0 0 0 0 0 1 )
col 26: (0 0 0 1 0 1 1 0 )
col 27: (1 1 0 0 0 1 0 0 )
col 28: (0 1 1 0 1 0 0 0 )
col 29: (1 0 1 1 0 1 1 0 )
col 30: (1 0 1 1 1 0 0 1 )
col 31: (1 1 0 1 1 1 0 0 )
col 32: (1 1 1 1 1 0 0 0 )
col 33: (0 0 1 1 1 1 1 0 )
col 34: (0 1 1 1 1 0 0 1 )
col 35: (1 1 0 1 0 1 1 0 )
col 36: (1 1 1 0 1 1 0 0 )
col 37: (0 1 0 0 1 1 1 1 )
col 38: (0 0 0 1 1 1 1 1 )
col 39: (1 1 1 0 0 0 1 1 )
col 40: (0 0 1 1 1 0 1 1 )
col 41: (1 0 1 0 1 0 1 1 )
col 42: (1 0 1 1 0 1 0 1 )
col 43: (0 0 1 1 1 1 0 1 )
col 44: (0 1 0 1 1 1 1 0 )
col 45: (1 1 1 0 1 0 0 1 )
col 46: (0 1 1 0 1 1 0 1 )
col 47: (1 0 1 0 0 1 1 1 )
col 48: (1 0 0 1 1 1 1 0 )
col 49: (0 1 1 0 1 0 1 1 )
col 50: (0 1 1 1 1 1 0 0 )
col 51: (0 0 1 0 1 1 1 1 )
col 52: (1 1 1 0 0 1 1 0 )
col 53: (1 1 1 1 0 1 0 0 )
col 54: (1 0 0 1 1 0 1 1 )
col 55: (1 1 0 1 1 0 1 0 )
col 56: (1 0 1 0 1 1 0 1 )
col 57: (1 0 0 0 1 1 1 1 )
col 58: (1 1 0 1 1 0 0 1 )
col 59: (0 0 1 1 0 1 1 1 )
col 60: (1 0 1 1 1 1 0 0 )
col 61: (0 1 1 1 0 0 1 1 )
col 62: (1 1 0 0 1 1 0 1 )
col 63: (0 1 1 1 0 1 1 0 )
col 64: (1 0 0 1 1 1 0 1 )
col 65: (1 0 0 0 0 0 0 0 )
col 66: (0 1 0 0 0 0 0 0 )
col 67: (0 0 1 0 0 0 0 0 )
col 68: (0 0 0 1 0 0 0 0 )
col 69: (0 0 0 0 1 0 0 0 )
col 70: (0 0 0 0 0 1 0 0 )
col 71: (0 0 0 0 0 0 1 0 )
col 72: (0 0 0 0 0 0 0 1 )
11 176 42 25 67 28 148 13 161 19 193 81 7 82 69 21 162 97 56 133 76 14 37 164 131 104 35 22 109 157 59 31 124 158 107 55 242 248 199 220 213 173 188 122 151 182 229 121 214 62 244 103 47 217 91 181 241 155 236 61 206 179 110 185 1 2 4 8 16 32 64 128 



=====================
Execution time: 903.207 seconds
No matrix found yet... :(


N72K64
-----------------------------------
Found @ iteration: 44 ; game = 1 
After 631.802 seconds
# Bad Cycles: 1327
# Set Bits:   272
# Max Row Weight: 40
col 1 : (1 0 0 0 0 1 1 0 )
col 2 : (1 1 0 1 0 0 0 0 )
col 3 : (0 1 0 1 1 0 0 0 )
col 4 : (1 0 1 0 0 1 0 0 )
col 5 : (1 0 0 1 0 0 1 0 )
col 6 : (0 0 1 0 1 0 1 0 )
col 7 : (0 1 1 0 1 0 0 0 )
col 8 : (1 0 1 0 0 0 1 0 )
col 9 : (1 0 0 0 1 0 0 1 )
col 10: (1 0 1 0 1 0 0 0 )
col 11: (0 0 1 0 0 1 1 0 )
col 12: (1 1 0 0 0 0 1 0 )
col 13: (1 0 0 0 0 0 1 1 )
col 14: (0 0 0 1 0 1 0 1 )
col 15: (1 0 0 1 1 0 0 0 )
col 16: (0 0 1 0 1 1 0 0 )
col 17: (1 1 0 0 0 0 0 1 )
col 18: (0 0 1 1 0 0 1 0 )
col 19: (0 0 0 0 1 1 1 0 )
col 20: (1 0 1 0 0 0 0 1 )
col 21: (0 0 0 1 1 0 1 0 )
col 22: (1 1 0 0 0 1 0 0 )
col 23: (1 0 0 1 0 0 0 1 )
col 24: (1 1 1 0 0 0 0 0 )
col 25: (1 0 0 0 0 1 0 1 )
col 26: (0 1 1 0 0 1 0 0 )
col 27: (0 0 0 1 1 1 0 0 )
col 28: (0 0 1 1 0 1 0 0 )
col 29: (1 1 0 0 1 1 1 0 )
col 30: (1 1 1 1 0 0 0 1 )
col 31: (1 1 1 0 0 1 1 0 )
col 32: (1 0 1 0 1 1 0 1 )
col 33: (0 1 1 1 1 0 1 0 )
col 34: (1 1 1 0 0 1 0 1 )
col 35: (1 0 0 1 0 1 1 1 )
col 36: (0 1 1 1 1 1 0 0 )
col 37: (1 1 0 1 1 0 1 0 )
col 38: (0 0 1 1 1 1 0 1 )
col 39: (1 0 0 1 1 1 1 0 )
col 40: (1 1 1 1 1 0 0 0 )
col 41: (0 1 0 1 1 1 0 1 )
col 42: (1 1 1 1 0 1 0 0 )
col 43: (1 0 1 1 1 0 0 1 )
col 44: (0 1 1 0 1 0 1 1 )
col 45: (1 0 1 1 0 0 1 1 )
col 46: (1 1 1 0 0 0 1 1 )
col 47: (1 0 1 0 1 0 1 1 )
col 48: (0 1 1 1 0 1 1 0 )
col 49: (1 0 0 0 1 1 1 1 )
col 50: (1 0 0 1 1 1 0 1 )
col 51: (0 0 1 1 0 1 1 1 )
col 52: (1 0 1 0 1 1 1 0 )
col 53: (0 0 0 1 1 1 1 1 )
col 54: (0 1 1 1 0 0 1 1 )
col 55: (1 0 0 1 1 0 1 1 )
col 56: (1 0 1 1 1 1 0 0 )
col 57: (0 1 1 1 1 0 0 1 )
col 58: (1 1 0 0 1 0 1 1 )
col 59: (0 1 0 1 1 1 1 0 )
col 60: (1 1 0 1 1 0 0 1 )
col 61: (1 1 0 1 1 1 0 0 )
col 62: (1 0 1 1 0 1 0 1 )
col 63: (0 1 0 1 1 0 1 1 )
col 64: (0 1 1 1 0 1 0 1 )
col 65: (1 0 0 0 0 0 0 0 )
col 66: (0 1 0 0 0 0 0 0 )
col 67: (0 0 1 0 0 0 0 0 )
col 68: (0 0 0 1 0 0 0 0 )
col 69: (0 0 0 0 1 0 0 0 )
col 70: (0 0 0 0 0 1 0 0 )
col 71: (0 0 0 0 0 0 1 0 )
col 72: (0 0 0 0 0 0 0 1 )
97 11 26 37 73 84 22 69 145 21 100 67 193 168 25 52 131 76 112 133 88 35 137 7 161 38 56 44 115 143 103 181 94 167 233 62 91 188 121 31 186 47 157 214 205 199 213 110 241 185 236 117 248 206 217 61 158 211 122 155 59 173 218 174 1 2 4 8 16 32 64 128 



N72K64
-----------------------------------
Found @ iteration: 50 ; game = 1 
After 764.339 seconds
# Bad Cycles: 1314
# Set Bits:   272
# Max Row Weight: 43
col 1 : (1 0 0 0 0 1 1 0 )
col 2 : (1 1 0 1 0 0 0 0 )
col 3 : (0 1 0 1 1 0 0 0 )
col 4 : (1 0 1 0 0 1 0 0 )
col 5 : (1 0 0 1 0 0 1 0 )
col 6 : (0 0 1 0 1 0 1 0 )
col 7 : (0 1 1 0 1 0 0 0 )
col 8 : (1 0 1 0 0 0 1 0 )
col 9 : (1 0 0 0 1 0 0 1 )
col 10: (1 0 1 0 1 0 0 0 )
col 11: (0 0 1 0 0 1 1 0 )
col 12: (1 1 0 0 0 0 1 0 )
col 13: (1 0 0 0 0 0 1 1 )
col 14: (0 0 0 1 0 1 0 1 )
col 15: (1 0 0 1 1 0 0 0 )
col 16: (0 0 1 0 1 1 0 0 )
col 17: (1 1 0 0 0 0 0 1 )
col 18: (0 0 1 1 0 0 1 0 )
col 19: (0 0 0 0 1 1 1 0 )
col 20: (1 0 1 0 0 0 0 1 )
col 21: (0 0 0 1 1 0 1 0 )
col 22: (1 1 0 0 0 1 0 0 )
col 23: (1 0 0 1 0 0 0 1 )
col 24: (1 1 1 0 0 0 0 0 )
col 25: (1 0 0 0 0 1 0 1 )
col 26: (0 1 1 0 0 1 0 0 )
col 27: (0 0 0 1 1 1 0 0 )
col 28: (0 0 1 1 0 1 0 0 )
col 29: (1 1 0 0 1 1 1 0 )
col 30: (1 1 1 1 0 0 0 1 )
col 31: (1 1 1 0 0 1 1 0 )
col 32: (1 0 1 0 1 1 0 1 )
col 33: (0 1 1 1 1 0 1 0 )
col 34: (1 1 1 0 0 1 0 1 )
col 35: (1 0 0 1 0 1 1 1 )
col 36: (0 1 1 1 1 1 0 0 )
col 37: (1 1 0 1 1 0 1 0 )
col 38: (0 0 1 1 1 1 0 1 )
col 39: (1 0 0 1 1 1 1 0 )
col 40: (1 1 1 1 1 0 0 0 )
col 41: (0 1 0 1 1 1 0 1 )
col 42: (1 1 1 1 0 1 0 0 )
col 43: (1 0 1 1 1 0 0 1 )
col 44: (0 1 1 0 1 0 1 1 )
col 45: (1 0 1 1 0 0 1 1 )
col 46: (1 1 1 0 0 0 1 1 )
col 47: (1 0 1 0 1 0 1 1 )
col 48: (0 1 1 1 0 1 1 0 )
col 49: (1 0 0 0 1 1 1 1 )
col 50: (1 1 1 1 0 0 1 0 )
col 51: (1 0 1 1 0 1 1 0 )
col 52: (0 1 1 1 1 0 0 1 )
col 53: (0 0 1 1 0 1 1 1 )
col 54: (1 1 1 0 1 1 0 0 )
col 55: (1 1 0 1 0 1 0 1 )
col 56: (1 1 0 1 1 1 0 0 )
col 57: (1 0 1 1 0 1 0 1 )
col 58: (1 1 1 0 1 0 1 0 )
col 59: (0 1 1 1 0 0 1 1 )
col 60: (1 1 0 1 1 0 0 1 )
col 61: (0 1 1 0 0 1 1 1 )
col 62: (1 1 0 1 0 1 1 0 )
col 63: (1 0 1 1 1 1 0 0 )
col 64: (1 0 1 0 0 1 1 1 )
col 65: (1 0 0 0 0 0 0 0 )
col 66: (0 1 0 0 0 0 0 0 )
col 67: (0 0 1 0 0 0 0 0 )
col 68: (0 0 0 1 0 0 0 0 )
col 69: (0 0 0 0 1 0 0 0 )
col 70: (0 0 0 0 0 1 0 0 )
col 71: (0 0 0 0 0 0 1 0 )
col 72: (0 0 0 0 0 0 0 1 )
97 11 26 37 73 84 22 69 145 21 100 67 193 168 25 52 131 76 112 133 88 35 137 7 161 38 56 44 115 143 103 181 94 167 233 62 91 188 121 31 186 47 157 214 205 199 213 110 241 79 109 158 236 55 171 59 173 87 206 155 230 107 61 229 1 2 4 8 16 32 64 128 



N72K64
-----------------------------------
Found @ iteration: 55 ; game = 1 
After 848.693 seconds
# Bad Cycles: 1307
# Set Bits:   272
# Max Row Weight: 41
col 1 : (1 0 0 0 0 1 1 0 )
col 2 : (1 1 0 1 0 0 0 0 )
col 3 : (0 1 0 1 1 0 0 0 )
col 4 : (1 0 1 0 0 1 0 0 )
col 5 : (1 0 0 1 0 0 1 0 )
col 6 : (0 0 1 0 1 0 1 0 )
col 7 : (0 1 1 0 1 0 0 0 )
col 8 : (1 0 1 0 0 0 1 0 )
col 9 : (1 0 0 0 1 0 0 1 )
col 10: (1 0 1 0 1 0 0 0 )
col 11: (0 0 1 0 0 1 1 0 )
col 12: (1 1 0 0 0 0 1 0 )
col 13: (1 0 0 0 0 0 1 1 )
col 14: (0 0 0 1 0 1 0 1 )
col 15: (1 0 0 1 1 0 0 0 )
col 16: (0 0 1 0 1 1 0 0 )
col 17: (1 1 0 0 0 0 0 1 )
col 18: (0 0 1 1 0 0 1 0 )
col 19: (0 0 0 0 1 1 1 0 )
col 20: (1 0 1 0 0 0 0 1 )
col 21: (0 0 0 1 1 0 1 0 )
col 22: (1 1 0 0 0 1 0 0 )
col 23: (1 0 0 1 0 0 0 1 )
col 24: (1 1 1 0 0 0 0 0 )
col 25: (1 0 0 0 0 1 0 1 )
col 26: (0 1 1 0 0 1 0 0 )
col 27: (0 0 0 1 1 1 0 0 )
col 28: (0 0 1 1 0 1 0 0 )
col 29: (1 1 0 0 1 1 1 0 )
col 30: (1 1 1 1 0 0 0 1 )
col 31: (1 1 1 0 0 1 1 0 )
col 32: (1 0 1 0 1 1 0 1 )
col 33: (0 1 1 1 1 0 1 0 )
col 34: (1 1 1 0 0 1 0 1 )
col 35: (1 0 0 1 0 1 1 1 )
col 36: (0 1 1 1 1 1 0 0 )
col 37: (1 1 0 1 1 0 1 0 )
col 38: (0 0 1 1 1 1 0 1 )
col 39: (1 0 0 1 1 1 1 0 )
col 40: (1 1 1 1 1 0 0 0 )
col 41: (0 1 0 1 1 1 0 1 )
col 42: (1 1 1 1 0 1 0 0 )
col 43: (1 0 1 1 1 0 0 1 )
col 44: (0 1 1 0 1 0 1 1 )
col 45: (1 0 1 1 0 0 1 1 )
col 46: (1 1 1 0 0 0 1 1 )
col 47: (1 0 1 0 1 0 1 1 )
col 48: (0 1 1 1 0 1 1 0 )
col 49: (1 0 0 0 1 1 1 1 )
col 50: (1 1 1 1 0 0 1 0 )
col 51: (1 0 1 1 0 1 1 0 )
col 52: (0 1 1 1 1 0 0 1 )
col 53: (0 0 1 1 0 1 1 1 )
col 54: (1 1 1 0 1 1 0 0 )
col 55: (1 1 0 1 0 1 0 1 )
col 56: (0 1 1 1 0 1 0 1 )
col 57: (1 0 1 1 1 1 0 0 )
col 58: (0 0 1 0 1 1 1 1 )
col 59: (0 0 1 1 1 1 1 0 )
col 60: (0 1 1 0 0 1 1 1 )
col 61: (0 1 1 0 1 1 1 0 )
col 62: (1 1 0 1 1 1 0 0 )
col 63: (1 0 1 1 0 1 0 1 )
col 64: (1 1 1 0 1 0 1 0 )
col 65: (1 0 0 0 0 0 0 0 )
col 66: (0 1 0 0 0 0 0 0 )
col 67: (0 0 1 0 0 0 0 0 )
col 68: (0 0 0 1 0 0 0 0 )
col 69: (0 0 0 0 1 0 0 0 )
col 70: (0 0 0 0 0 1 0 0 )
col 71: (0 0 0 0 0 0 1 0 )
col 72: (0 0 0 0 0 0 0 1 )
97 11 26 37 73 84 22 69 145 21 100 67 193 168 25 52 131 76 112 133 88 35 137 7 161 38 56 44 115 143 103 181 94 167 233 62 91 188 121 31 186 47 157 214 205 199 213 110 241 79 109 158 236 55 171 174 61 244 124 230 118 59 173 87 1 2 4 8 16 32 64 128 



N72K64
-----------------------------------
Found @ iteration: 57 ; game = 1 
After 880.623 seconds
# Bad Cycles: 1306
# Set Bits:   272
# Max Row Weight: 42
col 1 : (1 0 0 0 0 1 1 0 )
col 2 : (1 1 0 1 0 0 0 0 )
col 3 : (0 1 0 1 1 0 0 0 )
col 4 : (1 0 1 0 0 1 0 0 )
col 5 : (1 0 0 1 0 0 1 0 )
col 6 : (0 0 1 0 1 0 1 0 )
col 7 : (0 1 1 0 1 0 0 0 )
col 8 : (1 0 1 0 0 0 1 0 )
col 9 : (1 0 0 0 1 0 0 1 )
col 10: (1 0 1 0 1 0 0 0 )
col 11: (0 0 1 0 0 1 1 0 )
col 12: (1 1 0 0 0 0 1 0 )
col 13: (1 0 0 0 0 0 1 1 )
col 14: (0 0 0 1 0 1 0 1 )
col 15: (1 0 0 1 1 0 0 0 )
col 16: (0 0 1 0 1 1 0 0 )
col 17: (1 1 0 0 0 0 0 1 )
col 18: (0 0 1 1 0 0 1 0 )
col 19: (0 0 0 0 1 1 1 0 )
col 20: (1 0 1 0 0 0 0 1 )
col 21: (0 0 0 1 1 0 1 0 )
col 22: (1 1 0 0 0 1 0 0 )
col 23: (1 0 0 1 0 0 0 1 )
col 24: (1 1 1 0 0 0 0 0 )
col 25: (1 0 0 0 0 1 0 1 )
col 26: (0 1 1 0 0 1 0 0 )
col 27: (0 0 0 1 1 1 0 0 )
col 28: (0 0 1 1 0 1 0 0 )
col 29: (1 1 0 0 1 1 1 0 )
col 30: (1 1 1 1 0 0 0 1 )
col 31: (1 1 1 0 0 1 1 0 )
col 32: (1 0 1 0 1 1 0 1 )
col 33: (0 1 1 1 1 0 1 0 )
col 34: (1 1 1 0 0 1 0 1 )
col 35: (1 0 0 1 0 1 1 1 )
col 36: (0 1 1 1 1 1 0 0 )
col 37: (1 1 0 1 1 0 1 0 )
col 38: (0 0 1 1 1 1 0 1 )
col 39: (1 0 0 1 1 1 1 0 )
col 40: (1 1 1 1 1 0 0 0 )
col 41: (0 1 0 1 1 1 0 1 )
col 42: (1 1 1 1 0 1 0 0 )
col 43: (1 0 1 1 1 0 0 1 )
col 44: (0 1 1 0 1 0 1 1 )
col 45: (1 0 1 1 0 0 1 1 )
col 46: (1 1 1 0 0 0 1 1 )
col 47: (1 0 1 0 1 0 1 1 )
col 48: (0 1 1 1 0 1 1 0 )
col 49: (1 0 0 0 1 1 1 1 )
col 50: (1 1 1 1 0 0 1 0 )
col 51: (1 0 1 1 0 1 1 0 )
col 52: (0 1 1 1 1 0 0 1 )
col 53: (0 0 1 1 0 1 1 1 )
col 54: (1 1 1 0 1 1 0 0 )
col 55: (1 1 0 1 0 1 0 1 )
col 56: (0 1 1 1 0 1 0 1 )
col 57: (0 1 1 0 0 1 1 1 )
col 58: (1 0 1 0 1 1 1 0 )
col 59: (1 1 0 1 1 0 0 1 )
col 60: (1 1 1 0 1 0 1 0 )
col 61: (1 0 1 1 0 1 0 1 )
col 62: (1 0 1 1 1 1 0 0 )
col 63: (0 1 1 0 1 1 0 1 )
col 64: (1 0 0 1 1 0 1 1 )
col 65: (1 0 0 0 0 0 0 0 )
col 66: (0 1 0 0 0 0 0 0 )
col 67: (0 0 1 0 0 0 0 0 )
col 68: (0 0 0 1 0 0 0 0 )
col 69: (0 0 0 0 1 0 0 0 )
col 70: (0 0 0 0 0 1 0 0 )
col 71: (0 0 0 0 0 0 1 0 )
col 72: (0 0 0 0 0 0 0 1 )
97 11 26 37 73 84 22 69 145 21 100 67 193 168 25 52 131 76 112 133 88 35 137 7 161 38 56 44 115 143 103 181 94 167 233 62 91 188 121 31 186 47 157 214 205 199 213 110 241 79 109 158 236 55 171 174 230 117 155 87 173 61 182 217 1 2 4 8 16 32 64 128 



N72K64
-----------------------------------
Found @ iteration: 57 ; game = 1 
After 881.742 seconds
# Bad Cycles: 1305
# Set Bits:   272
# Max Row Weight: 40
col 1 : (1 0 0 0 0 1 1 0 )
col 2 : (1 1 0 1 0 0 0 0 )
col 3 : (0 1 0 1 1 0 0 0 )
col 4 : (1 0 1 0 0 1 0 0 )
col 5 : (1 0 0 1 0 0 1 0 )
col 6 : (0 0 1 0 1 0 1 0 )
col 7 : (0 1 1 0 1 0 0 0 )
col 8 : (1 0 1 0 0 0 1 0 )
col 9 : (1 0 0 0 1 0 0 1 )
col 10: (1 0 1 0 1 0 0 0 )
col 11: (0 0 1 0 0 1 1 0 )
col 12: (1 1 0 0 0 0 1 0 )
col 13: (1 0 0 0 0 0 1 1 )
col 14: (0 0 0 1 0 1 0 1 )
col 15: (1 0 0 1 1 0 0 0 )
col 16: (0 0 1 0 1 1 0 0 )
col 17: (1 1 0 0 0 0 0 1 )
col 18: (0 0 1 1 0 0 1 0 )
col 19: (0 0 0 0 1 1 1 0 )
col 20: (1 0 1 0 0 0 0 1 )
col 21: (0 0 0 1 1 0 1 0 )
col 22: (1 1 0 0 0 1 0 0 )
col 23: (1 0 0 1 0 0 0 1 )
col 24: (1 1 1 0 0 0 0 0 )
col 25: (1 0 0 0 0 1 0 1 )
col 26: (0 1 1 0 0 1 0 0 )
col 27: (0 0 0 1 1 1 0 0 )
col 28: (0 0 1 1 0 1 0 0 )
col 29: (1 1 0 0 1 1 1 0 )
col 30: (1 1 1 1 0 0 0 1 )
col 31: (1 1 1 0 0 1 1 0 )
col 32: (1 0 1 0 1 1 0 1 )
col 33: (0 1 1 1 1 0 1 0 )
col 34: (1 1 1 0 0 1 0 1 )
col 35: (1 0 0 1 0 1 1 1 )
col 36: (0 1 1 1 1 1 0 0 )
col 37: (1 1 0 1 1 0 1 0 )
col 38: (0 0 1 1 1 1 0 1 )
col 39: (1 0 0 1 1 1 1 0 )
col 40: (1 1 1 1 1 0 0 0 )
col 41: (0 1 0 1 1 1 0 1 )
col 42: (1 1 1 1 0 1 0 0 )
col 43: (1 0 1 1 1 0 0 1 )
col 44: (0 1 1 0 1 0 1 1 )
col 45: (1 0 1 1 0 0 1 1 )
col 46: (1 1 1 0 0 0 1 1 )
col 47: (1 0 1 0 1 0 1 1 )
col 48: (0 1 1 1 0 1 1 0 )
col 49: (1 0 0 0 1 1 1 1 )
col 50: (1 1 1 1 0 0 1 0 )
col 51: (1 0 1 1 0 1 1 0 )
col 52: (0 1 1 1 1 0 0 1 )
col 53: (0 0 1 1 0 1 1 1 )
col 54: (1 1 1 0 1 1 0 0 )
col 55: (1 1 0 1 0 1 0 1 )
col 56: (0 1 1 1 0 1 0 1 )
col 57: (0 0 0 1 1 1 1 1 )
col 58: (1 0 0 1 1 0 1 1 )
col 59: (0 1 0 1 1 1 1 0 )
col 60: (1 0 0 1 1 1 0 1 )
col 61: (1 1 1 0 1 0 0 1 )
col 62: (0 1 1 0 1 1 1 0 )
col 63: (0 1 1 0 0 1 1 1 )
col 64: (1 0 1 0 1 1 1 0 )
col 65: (1 0 0 0 0 0 0 0 )
col 66: (0 1 0 0 0 0 0 0 )
col 67: (0 0 1 0 0 0 0 0 )
col 68: (0 0 0 1 0 0 0 0 )
col 69: (0 0 0 0 1 0 0 0 )
col 70: (0 0 0 0 0 1 0 0 )
col 71: (0 0 0 0 0 0 1 0 )
col 72: (0 0 0 0 0 0 0 1 )
97 11 26 37 73 84 22 69 145 21 100 67 193 168 25 52 131 76 112 133 88 35 137 7 161 38 56 44 115 143 103 181 94 167 233 62 91 188 121 31 186 47 157 214 205 199 213 110 241 79 109 158 236 55 171 174 248 217 122 185 151 118 230 117 1 2 4 8 16 32 64 128 



N72K64
-----------------------------------
Found @ iteration: 57 ; game = 1 
After 882.054 seconds
# Bad Cycles: 1302
# Set Bits:   272
# Max Row Weight: 40
col 1 : (1 0 0 0 0 1 1 0 )
col 2 : (1 1 0 1 0 0 0 0 )
col 3 : (0 1 0 1 1 0 0 0 )
col 4 : (1 0 1 0 0 1 0 0 )
col 5 : (1 0 0 1 0 0 1 0 )
col 6 : (0 0 1 0 1 0 1 0 )
col 7 : (0 1 1 0 1 0 0 0 )
col 8 : (1 0 1 0 0 0 1 0 )
col 9 : (1 0 0 0 1 0 0 1 )
col 10: (1 0 1 0 1 0 0 0 )
col 11: (0 0 1 0 0 1 1 0 )
col 12: (1 1 0 0 0 0 1 0 )
col 13: (1 0 0 0 0 0 1 1 )
col 14: (0 0 0 1 0 1 0 1 )
col 15: (1 0 0 1 1 0 0 0 )
col 16: (0 0 1 0 1 1 0 0 )
col 17: (1 1 0 0 0 0 0 1 )
col 18: (0 0 1 1 0 0 1 0 )
col 19: (0 0 0 0 1 1 1 0 )
col 20: (1 0 1 0 0 0 0 1 )
col 21: (0 0 0 1 1 0 1 0 )
col 22: (1 1 0 0 0 1 0 0 )
col 23: (1 0 0 1 0 0 0 1 )
col 24: (1 1 1 0 0 0 0 0 )
col 25: (1 0 0 0 0 1 0 1 )
col 26: (0 1 1 0 0 1 0 0 )
col 27: (0 0 0 1 1 1 0 0 )
col 28: (0 0 1 1 0 1 0 0 )
col 29: (1 1 0 0 1 1 1 0 )
col 30: (1 1 1 1 0 0 0 1 )
col 31: (1 1 1 0 0 1 1 0 )
col 32: (1 0 1 0 1 1 0 1 )
col 33: (0 1 1 1 1 0 1 0 )
col 34: (1 1 1 0 0 1 0 1 )
col 35: (1 0 0 1 0 1 1 1 )
col 36: (0 1 1 1 1 1 0 0 )
col 37: (1 1 0 1 1 0 1 0 )
col 38: (0 0 1 1 1 1 0 1 )
col 39: (1 0 0 1 1 1 1 0 )
col 40: (1 1 1 1 1 0 0 0 )
col 41: (0 1 0 1 1 1 0 1 )
col 42: (1 1 1 1 0 1 0 0 )
col 43: (1 0 1 1 1 0 0 1 )
col 44: (0 1 1 0 1 0 1 1 )
col 45: (1 0 1 1 0 0 1 1 )
col 46: (1 1 1 0 0 0 1 1 )
col 47: (1 0 1 0 1 0 1 1 )
col 48: (0 1 1 1 0 1 1 0 )
col 49: (1 0 0 0 1 1 1 1 )
col 50: (1 1 1 1 0 0 1 0 )
col 51: (1 0 1 1 0 1 1 0 )
col 52: (0 1 1 1 1 0 0 1 )
col 53: (0 0 1 1 0 1 1 1 )
col 54: (1 1 1 0 1 1 0 0 )
col 55: (1 1 0 1 0 1 0 1 )
col 56: (0 1 1 1 0 1 0 1 )
col 57: (1 1 0 1 1 0 0 1 )
col 58: (0 1 1 0 0 1 1 1 )
col 59: (0 1 1 0 1 1 1 0 )
col 60: (1 1 1 0 1 0 1 0 )
col 61: (0 0 1 0 1 1 1 1 )
col 62: (0 1 1 1 0 0 1 1 )
col 63: (1 0 1 1 1 0 1 0 )
col 64: (1 0 0 1 1 1 0 1 )
col 65: (1 0 0 0 0 0 0 0 )
col 66: (0 1 0 0 0 0 0 0 )
col 67: (0 0 1 0 0 0 0 0 )
col 68: (0 0 0 1 0 0 0 0 )
col 69: (0 0 0 0 1 0 0 0 )
col 70: (0 0 0 0 0 1 0 0 )
col 71: (0 0 0 0 0 0 1 0 )
col 72: (0 0 0 0 0 0 0 1 )
97 11 26 37 73 84 22 69 145 21 100 67 193 168 25 52 131 76 112 133 88 35 137 7 161 38 56 44 115 143 103 181 94 167 233 62 91 188 121 31 186 47 157 214 205 199 213 110 241 79 109 158 236 55 171 174 155 230 118 87 244 206 93 185 1 2 4 8 16 32 64 128 



N72K64
-----------------------------------
Found @ iteration: 59 ; game = 1 
After 909.353 seconds
# Bad Cycles: 1299
# Set Bits:   272
# Max Row Weight: 41
col 1 : (1 0 0 0 0 1 1 0 )
col 2 : (1 1 0 1 0 0 0 0 )
col 3 : (0 1 0 1 1 0 0 0 )
col 4 : (1 0 1 0 0 1 0 0 )
col 5 : (1 0 0 1 0 0 1 0 )
col 6 : (0 0 1 0 1 0 1 0 )
col 7 : (0 1 1 0 1 0 0 0 )
col 8 : (1 0 1 0 0 0 1 0 )
col 9 : (1 0 0 0 1 0 0 1 )
col 10: (1 0 1 0 1 0 0 0 )
col 11: (0 0 1 0 0 1 1 0 )
col 12: (1 1 0 0 0 0 1 0 )
col 13: (1 0 0 0 0 0 1 1 )
col 14: (0 0 0 1 0 1 0 1 )
col 15: (1 0 0 1 1 0 0 0 )
col 16: (0 0 1 0 1 1 0 0 )
col 17: (1 1 0 0 0 0 0 1 )
col 18: (0 0 1 1 0 0 1 0 )
col 19: (0 0 0 0 1 1 1 0 )
col 20: (1 0 1 0 0 0 0 1 )
col 21: (0 0 0 1 1 0 1 0 )
col 22: (1 1 0 0 0 1 0 0 )
col 23: (1 0 0 1 0 0 0 1 )
col 24: (1 1 1 0 0 0 0 0 )
col 25: (1 0 0 0 0 1 0 1 )
col 26: (0 1 1 0 0 1 0 0 )
col 27: (0 0 0 1 1 1 0 0 )
col 28: (0 0 1 1 0 1 0 0 )
col 29: (1 1 0 0 1 1 1 0 )
col 30: (1 1 1 1 0 0 0 1 )
col 31: (1 1 1 0 0 1 1 0 )
col 32: (1 0 1 0 1 1 0 1 )
col 33: (0 1 1 1 1 0 1 0 )
col 34: (1 1 1 0 0 1 0 1 )
col 35: (1 0 0 1 0 1 1 1 )
col 36: (0 1 1 1 1 1 0 0 )
col 37: (1 1 0 1 1 0 1 0 )
col 38: (0 0 1 1 1 1 0 1 )
col 39: (1 0 0 1 1 1 1 0 )
col 40: (1 1 1 1 1 0 0 0 )
col 41: (0 1 0 1 1 1 0 1 )
col 42: (1 1 1 1 0 1 0 0 )
col 43: (1 0 1 1 1 0 0 1 )
col 44: (0 1 1 0 1 0 1 1 )
col 45: (1 0 1 1 0 0 1 1 )
col 46: (1 1 1 0 0 0 1 1 )
col 47: (1 0 1 0 1 0 1 1 )
col 48: (0 1 1 1 0 1 1 0 )
col 49: (1 0 0 0 1 1 1 1 )
col 50: (1 1 1 1 0 0 1 0 )
col 51: (1 0 1 1 0 1 1 0 )
col 52: (0 1 1 1 1 0 0 1 )
col 53: (0 0 1 1 0 1 1 1 )
col 54: (1 1 1 0 1 1 0 0 )
col 55: (1 1 0 1 0 1 0 1 )
col 56: (0 1 1 1 0 1 0 1 )
col 57: (1 1 0 1 1 0 0 1 )
col 58: (0 1 1 0 0 1 1 1 )
col 59: (0 1 1 0 1 1 1 0 )
col 60: (1 1 0 1 1 1 0 0 )
col 61: (0 0 0 1 1 1 1 1 )
col 62: (1 1 1 0 1 0 1 0 )
col 63: (1 0 1 1 0 1 0 1 )
col 64: (1 0 0 1 1 0 1 1 )
col 65: (1 0 0 0 0 0 0 0 )
col 66: (0 1 0 0 0 0 0 0 )
col 67: (0 0 1 0 0 0 0 0 )
col 68: (0 0 0 1 0 0 0 0 )
col 69: (0 0 0 0 1 0 0 0 )
col 70: (0 0 0 0 0 1 0 0 )
col 71: (0 0 0 0 0 0 1 0 )
col 72: (0 0 0 0 0 0 0 1 )
97 11 26 37 73 84 22 69 145 21 100 67 193 168 25 52 131 76 112 133 88 35 137 7 161 38 56 44 115 143 103 181 94 167 233 62 91 188 121 31 186 47 157 214 205 199 213 110 241 79 109 158 236 55 171 174 155 230 118 59 248 87 173 217 1 2 4 8 16 32 64 128 



N72K64
-----------------------------------
Found @ iteration: 60 ; game = 1 
After 911.247 seconds
# Bad Cycles: 1297
# Set Bits:   272
# Max Row Weight: 41
col 1 : (1 0 0 0 0 1 1 0 )
col 2 : (1 1 0 1 0 0 0 0 )
col 3 : (0 1 0 1 1 0 0 0 )
col 4 : (1 0 1 0 0 1 0 0 )
col 5 : (1 0 0 1 0 0 1 0 )
col 6 : (0 0 1 0 1 0 1 0 )
col 7 : (0 1 1 0 1 0 0 0 )
col 8 : (1 0 1 0 0 0 1 0 )
col 9 : (1 0 0 0 1 0 0 1 )
col 10: (1 0 1 0 1 0 0 0 )
col 11: (0 0 1 0 0 1 1 0 )
col 12: (1 1 0 0 0 0 1 0 )
col 13: (1 0 0 0 0 0 1 1 )
col 14: (0 0 0 1 0 1 0 1 )
col 15: (1 0 0 1 1 0 0 0 )
col 16: (0 0 1 0 1 1 0 0 )
col 17: (1 1 0 0 0 0 0 1 )
col 18: (0 0 1 1 0 0 1 0 )
col 19: (0 0 0 0 1 1 1 0 )
col 20: (1 0 1 0 0 0 0 1 )
col 21: (0 0 0 1 1 0 1 0 )
col 22: (1 1 0 0 0 1 0 0 )
col 23: (1 0 0 1 0 0 0 1 )
col 24: (1 1 1 0 0 0 0 0 )
col 25: (1 0 0 0 0 1 0 1 )
col 26: (0 1 1 0 0 1 0 0 )
col 27: (0 0 0 1 1 1 0 0 )
col 28: (0 0 1 1 0 1 0 0 )
col 29: (1 1 0 0 1 1 1 0 )
col 30: (1 1 1 1 0 0 0 1 )
col 31: (1 1 1 0 0 1 1 0 )
col 32: (1 0 1 0 1 1 0 1 )
col 33: (0 1 1 1 1 0 1 0 )
col 34: (1 1 1 0 0 1 0 1 )
col 35: (1 0 0 1 0 1 1 1 )
col 36: (0 1 1 1 1 1 0 0 )
col 37: (1 1 0 1 1 0 1 0 )
col 38: (0 0 1 1 1 1 0 1 )
col 39: (1 0 0 1 1 1 1 0 )
col 40: (1 1 1 1 1 0 0 0 )
col 41: (0 1 0 1 1 1 0 1 )
col 42: (1 1 1 1 0 1 0 0 )
col 43: (1 0 1 1 1 0 0 1 )
col 44: (0 1 1 0 1 0 1 1 )
col 45: (1 0 1 1 0 0 1 1 )
col 46: (1 1 1 0 0 0 1 1 )
col 47: (1 0 1 0 1 0 1 1 )
col 48: (0 1 1 1 0 1 1 0 )
col 49: (1 0 0 0 1 1 1 1 )
col 50: (1 1 1 1 0 0 1 0 )
col 51: (1 0 1 1 0 1 1 0 )
col 52: (0 1 1 1 1 0 0 1 )
col 53: (0 0 1 1 0 1 1 1 )
col 54: (1 1 1 0 1 1 0 0 )
col 55: (1 1 0 1 0 1 0 1 )
col 56: (0 1 1 1 0 1 0 1 )
col 57: (1 1 0 1 1 0 0 1 )
col 58: (0 1 1 0 0 1 1 1 )
col 59: (0 1 1 0 1 1 1 0 )
col 60: (1 0 0 1 1 0 1 1 )
col 61: (1 0 1 1 0 1 0 1 )
col 62: (1 0 1 1 1 0 1 0 )
col 63: (0 1 1 1 0 0 1 1 )
col 64: (1 0 1 0 0 1 1 1 )
col 65: (1 0 0 0 0 0 0 0 )
col 66: (0 1 0 0 0 0 0 0 )
col 67: (0 0 1 0 0 0 0 0 )
col 68: (0 0 0 1 0 0 0 0 )
col 69: (0 0 0 0 1 0 0 0 )
col 70: (0 0 0 0 0 1 0 0 )
col 71: (0 0 0 0 0 0 1 0 )
col 72: (0 0 0 0 0 0 0 1 )
97 11 26 37 73 84 22 69 145 21 100 67 193 168 25 52 131 76 112 133 88 35 137 7 161 38 56 44 115 143 103 181 94 167 233 62 91 188 121 31 186 47 157 214 205 199 213 110 241 79 109 158 236 55 171 174 155 230 118 217 173 93 206 229 1 2 4 8 16 32 64 128 



N72K64
-----------------------------------
Found @ iteration: 62 ; game = 1 
After 919.469 seconds
# Bad Cycles: 1296
# Set Bits:   272
# Max Row Weight: 41
col 1 : (1 0 0 0 0 1 1 0 )
col 2 : (1 1 0 1 0 0 0 0 )
col 3 : (0 1 0 1 1 0 0 0 )
col 4 : (1 0 1 0 0 1 0 0 )
col 5 : (1 0 0 1 0 0 1 0 )
col 6 : (0 0 1 0 1 0 1 0 )
col 7 : (0 1 1 0 1 0 0 0 )
col 8 : (1 0 1 0 0 0 1 0 )
col 9 : (1 0 0 0 1 0 0 1 )
col 10: (1 0 1 0 1 0 0 0 )
col 11: (0 0 1 0 0 1 1 0 )
col 12: (1 1 0 0 0 0 1 0 )
col 13: (1 0 0 0 0 0 1 1 )
col 14: (0 0 0 1 0 1 0 1 )
col 15: (1 0 0 1 1 0 0 0 )
col 16: (0 0 1 0 1 1 0 0 )
col 17: (1 1 0 0 0 0 0 1 )
col 18: (0 0 1 1 0 0 1 0 )
col 19: (0 0 0 0 1 1 1 0 )
col 20: (1 0 1 0 0 0 0 1 )
col 21: (0 0 0 1 1 0 1 0 )
col 22: (1 1 0 0 0 1 0 0 )
col 23: (1 0 0 1 0 0 0 1 )
col 24: (1 1 1 0 0 0 0 0 )
col 25: (1 0 0 0 0 1 0 1 )
col 26: (0 1 1 0 0 1 0 0 )
col 27: (0 0 0 1 1 1 0 0 )
col 28: (0 0 1 1 0 1 0 0 )
col 29: (1 1 0 0 1 1 1 0 )
col 30: (1 1 1 1 0 0 0 1 )
col 31: (1 1 1 0 0 1 1 0 )
col 32: (1 0 1 0 1 1 0 1 )
col 33: (0 1 1 1 1 0 1 0 )
col 34: (1 1 1 0 0 1 0 1 )
col 35: (1 0 0 1 0 1 1 1 )
col 36: (0 1 1 1 1 1 0 0 )
col 37: (1 1 0 1 1 0 1 0 )
col 38: (0 0 1 1 1 1 0 1 )
col 39: (1 0 0 1 1 1 1 0 )
col 40: (1 1 1 1 1 0 0 0 )
col 41: (0 1 0 1 1 1 0 1 )
col 42: (1 1 1 1 0 1 0 0 )
col 43: (1 0 1 1 1 0 0 1 )
col 44: (0 1 1 0 1 0 1 1 )
col 45: (1 0 1 1 0 0 1 1 )
col 46: (1 1 1 0 0 0 1 1 )
col 47: (1 0 1 0 1 0 1 1 )
col 48: (0 1 1 1 0 1 1 0 )
col 49: (1 0 0 0 1 1 1 1 )
col 50: (1 1 1 1 0 0 1 0 )
col 51: (1 0 1 1 0 1 1 0 )
col 52: (0 1 1 1 1 0 0 1 )
col 53: (0 0 1 1 0 1 1 1 )
col 54: (1 1 1 0 1 1 0 0 )
col 55: (1 1 0 1 0 1 0 1 )
col 56: (0 1 1 1 0 1 0 1 )
col 57: (1 1 0 1 1 0 0 1 )
col 58: (0 1 1 0 0 1 1 1 )
col 59: (0 1 1 0 1 1 1 0 )
col 60: (1 0 0 1 1 0 1 1 )
col 61: (1 0 1 1 0 1 0 1 )
col 62: (1 1 0 0 1 0 1 1 )
col 63: (0 1 0 1 1 0 1 1 )
col 64: (1 1 1 0 1 0 1 0 )
col 65: (1 0 0 0 0 0 0 0 )
col 66: (0 1 0 0 0 0 0 0 )
col 67: (0 0 1 0 0 0 0 0 )
col 68: (0 0 0 1 0 0 0 0 )
col 69: (0 0 0 0 1 0 0 0 )
col 70: (0 0 0 0 0 1 0 0 )
col 71: (0 0 0 0 0 0 1 0 )
col 72: (0 0 0 0 0 0 0 1 )
97 11 26 37 73 84 22 69 145 21 100 67 193 168 25 52 131 76 112 133 88 35 137 7 161 38 56 44 115 143 103 181 94 167 233 62 91 188 121 31 186 47 157 214 205 199 213 110 241 79 109 158 236 55 171 174 155 230 118 217 173 211 218 87 1 2 4 8 16 32 64 128 



=====================
Execution time: 919.731 seconds
